rep.SIMLOS (Simulated Level Of Service percentages)                    rt    A    B    C    D    E    F==============================================================00.Washington_DC      1  .02  .09  .28  .28  .27  .0600.Washington_DC      2  .06  .18  .33  .26  .15  .0200.Washington_DC      3  .08  .22  .30  .23  .14  .0400.Washington_DC      4  .01  .01  .10  .73  .15  .0000.Washington_DC     14  .05  .15  .30  .28  .19  .0400.Washington_DC     24  .06  .18  .31  .29  .14  .0202.Prince_Georges     1  .01  .03  .09  .53  .28  .0502.Prince_Georges     2  .04  .18  .32  .30  .13  .0302.Prince_Georges     3  .04  .16  .26  .30  .15  .0902.Prince_Georges     4  .04  .10  .24  .42  .13  .0702.Prince_Georges    14  .02  .09  .18  .44  .22  .0502.Prince_Georges    24  .04  .16  .29  .32  .14  .0603.Alexandria         1  .00  .04  .39  .44  .12  .0203.Alexandria         2  .14  .21  .32  .23  .08  .0203.Alexandria         3  .14  .28  .30  .15  .12  .0103.Alexandria         4  .09  .08  .20  .31  .15  .1703.Alexandria        14  .08  .15  .34  .30  .11  .0203.Alexandria        24  .14  .24  .31  .19  .10  .0204.Arlington          1  .01  .09  .17  .40  .29  .0504.Arlington          2  .06  .24  .31  .22  .12  .0604.Arlington          3  .11  .25  .34  .19  .10  .0104.Arlington          4  .17  .02  .54  .15  .07  .0404.Arlington         14  .04  .15  .23  .32  .22  .0404.Arlington         24  .09  .24  .33  .21  .11  .0305.Fairfax            1  .01  .06  .20  .35  .24  .1405.Fairfax            2  .03  .14  .24  .28  .22  .0905.Fairfax            3  .05  .15  .23  .24  .19  .1405.Fairfax            4  .05  .12  .16  .29  .21  .1605.Fairfax           14  .02  .11  .22  .30  .22  .1305.Fairfax           24  .04  .14  .23  .26  .21  .1206.Loudoun            1  .02  .79  .12  .08  .00  .0006.Loudoun            2  .03  .30  .19  .40  .05  .0306.Loudoun            3  .03  .15  .00  .19  .32  .3106.Loudoun            4  .07  .05  .36  .24  .21  .0806.Loudoun           14  .03  .28  .18  .33  .11  .0806.Loudoun           24  .03  .25  .18  .34  .11  .0807.Prince_William     1  .14  .22  .11  .30  .10  .1307.Prince_William     2  .11  .22  .24  .10  .16  .1707.Prince_William     3  .03  .10  .26  .06  .46  .0907.Prince_William     4  .05  .06  .14  .42  .20  .1307.Prince_William    14  .09  .17  .18  .21  .20  .1407.Prince_William    24  .07  .15  .22  .17  .25  .1409.Frederick          1  .15  .21  .23  .20  .14  .0609.Frederick          2  .06  .25  .21  .19  .21  .0709.Frederick          3  .16  .30  .22  .16  .10  .0509.Frederick          4  .08  .27  .12  .30  .13  .1009.Frederick         14  .12  .24  .22  .20  .15  .0709.Frederick         24  .10  .27  .20  .20  .16  .0710.Baltimore_City     1  .02  .18  .50  .30  .00  .0010.Baltimore_City     2  .10  .25  .32  .22  .06  .0510.Baltimore_City     3  .10  .27  .30  .21  .10  .0310.Baltimore_City    14  .07  .23  .38  .24  .05  .0310.Baltimore_City    24  .10  .25  .32  .21  .07  .0411.Baltimore_Co       1  .02  .06  .39  .41  .08  .0411.Baltimore_Co       2  .06  .12  .23  .28  .24  .0711.Baltimore_Co       3  .04  .09  .20  .21  .26  .2011.Baltimore_Co      14  .04  .08  .30  .33  .17  .0811.Baltimore_Co      24  .05  .11  .22  .24  .25  .1312.Harford            1  .07  .20  .56  .16  .02  .0012.Harford            2  .04  .04  .19  .21  .51  .0112.Harford            3  .03  .16  .08  .32  .18  .2112.Harford           14  .05  .14  .28  .23  .23  .0812.Harford           24  .04  .11  .13  .27  .34  .1213.Carroll            1  .00  .32  .64  .00  .01  .0213.Carroll            2  .01  .54  .37  .00  .08  .0013.Carroll            3  .02  .21  .27  .31  .15  .0313.Carroll           14  .02  .25  .34  .23  .13  .0313.Carroll           24  .02  .24  .29  .28  .14  .0314.Howard             1  .00  .06  .20  .28  .43  .0214.Howard             2  .00  .03  .10  .37  .29  .2014.Howard             3  .01  .06  .22  .37  .20  .1414.Howard            14  .00  .05  .18  .33  .34  .0914.Howard            24  .01  .05  .16  .37  .24  .1715.Anne_Arundel       1  .02  .05  .22  .27  .39  .0515.Anne_Arundel       2  .03  .09  .24  .22  .20  .2215.Anne_Arundel       3  .04  .10  .23  .18  .18  .2715.Anne_Arundel      14  .03  .07  .23  .24  .30  .1315.Anne_Arundel      24  .04  .09  .24  .20  .19  .2420.BETHESDA_CHEVY_CH  1  .00  .04  .09  .24  .29  .3420.BETHESDA_CHEVY_CH  2  .03  .21  .41  .21  .11  .0320.BETHESDA_CHEVY_CH  3  .07  .24  .33  .18  .06  .1120.BETHESDA_CHEVY_CH  4  .10  .23  .22  .23  .14  .0820.BETHESDA_CHEVY_CH 14  .02  .12  .22  .22  .20  .2120.BETHESDA_CHEVY_CH 24  .05  .22  .37  .21  .10  .0621.SILVER_SPRING      1  .00  .00  .00  .27  .73  .0021.SILVER_SPRING      2  .02  .23  .21  .17  .05  .3221.SILVER_SPRING      3  .12  .33  .17  .06  .08  .2421.SILVER_SPRING      4  .13  .15  .40  .08  .09  .1521.SILVER_SPRING     14  .04  .16  .16  .18  .27  .1921.SILVER_SPRING     24  .05  .24  .23  .14  .06  .2822.POTOMAC            1  .02  .01  .03  .05  .85  .0422.POTOMAC            2  .02  .21  .48  .05  .06  .1822.POTOMAC            3  .17  .33  .23  .11  .07  .0922.POTOMAC            4  .13  .27  .31  .28  .00  .0022.POTOMAC           14  .06  .14  .19  .09  .46  .0722.POTOMAC           24  .10  .27  .34  .13  .05  .1023.N_BETHESDA         1  .00  .06  .06  .39  .39  .0923.N_BETHESDA         2  .01  .32  .39  .20  .08  .0023.N_BETHESDA         3  .08  .29  .39  .11  .14  .0023.N_BETHESDA         4  .24  .28  .36  .12  .00  .0023.N_BETHESDA        14  .05  .24  .30  .21  .17  .0223.N_BETHESDA        24  .07  .30  .39  .15  .09  .0024.ROCKVILLE          1  .00  .00  .18  .30  .48  .0424.ROCKVILLE          2  .06  .27  .39  .16  .06  .0724.ROCKVILLE          3  .19  .50  .31  .00  .00  .0024.ROCKVILLE          4  .13  .40  .42  .04  .00  .0024.ROCKVILLE         14  .05  .16  .28  .21  .26  .0424.ROCKVILLE         24  .09  .32  .38  .12  .04  .0525.KENSINGTON_WHEATO  1  .00  .00  .00  .41  .59  .0025.KENSINGTON_WHEATO  2  .03  .28  .30  .26  .12  .0225.KENSINGTON_WHEATO  3  .21  .48  .25  .06  .00  .0025.KENSINGTON_WHEATO  4  .22  .38  .12  .03  .10  .1625.KENSINGTON_WHEATO 14  .05  .25  .22  .26  .20  .0225.KENSINGTON_WHEATO 24  .07  .31  .28  .22  .10  .0226.ASPEN_HILL         2  .06  .17  .23  .24  .11  .1926.ASPEN_HILL         3  .03  .26  .29  .12  .31  .0026.ASPEN_HILL         4  .24  .52  .25  .00  .00  .0026.ASPEN_HILL        14  .07  .23  .25  .19  .15  .1226.ASPEN_HILL        24  .07  .23  .25  .19  .15  .1227.FAIRLAND_WHITE_OA  1  .00  .00  .00  .43  .57  .0027.FAIRLAND_WHITE_OA  2  .01  .26  .49  .23  .01  .0127.FAIRLAND_WHITE_OA  3  .11  .39  .20  .13  .15  .0227.FAIRLAND_WHITE_OA  4  .17  .24  .35  .19  .05  .0027.FAIRLAND_WHITE_OA 14  .03  .18  .26  .28  .24  .0127.FAIRLAND_WHITE_OA 24  .05  .29  .40  .20  .05  .0128.CLOVERLY           2  .07  .63  .27  .02  .00  .0028.CLOVERLY           3  .04  .31  .47  .07  .11  .0028.CLOVERLY           4  .18  .19  .63  .00  .00  .0028.CLOVERLY          14  .07  .44  .40  .04  .05  .0028.CLOVERLY          24  .07  .44  .40  .04  .05  .0029.OLNEY              2  .04  .37  .34  .24  .00  .0029.OLNEY              3  .30  .20  .29  .16  .05  .0029.OLNEY              4  .23  .31  .46  .00  .00  .0029.OLNEY             14  .13  .32  .35  .19  .01  .0029.OLNEY             24  .13  .32  .35  .19  .01  .0030.GAITHERSBURG       1  .03  .11  .16  .25  .45  .0030.GAITHERSBURG       2  .10  .26  .30  .22  .12  .0230.GAITHERSBURG       3  .41  .41  .12  .00  .06  .0030.GAITHERSBURG       4  .48  .33  .00  .18  .00  .0030.GAITHERSBURG      14  .09  .20  .21  .21  .28  .0130.GAITHERSBURG      24  .15  .28  .26  .18  .11  .0131.DERWOOD_NEEDWOOD   1  .00  .30  .40  .13  .17  .0031.DERWOOD_NEEDWOOD   2  .08  .33  .32  .09  .13  .0431.DERWOOD_NEEDWOOD   3  .35  .40  .25  .00  .00  .0031.DERWOOD_NEEDWOOD   4  .05  .31  .33  .23  .08  .0031.DERWOOD_NEEDWOOD  14  .10  .33  .33  .11  .11  .0231.DERWOOD_NEEDWOOD  24  .12  .34  .31  .10  .10  .0332.MONTGOMERY_VILLAG  2  .13  .34  .38  .15  .00  .0032.MONTGOMERY_VILLAG  3  .45  .44  .05  .06  .00  .0032.MONTGOMERY_VILLAG  4  .45  .15  .11  .30  .00  .0032.MONTGOMERY_VILLAG 14  .26  .36  .25  .13  .00  .0032.MONTGOMERY_VILLAG 24  .26  .36  .25  .13  .00  .0033.NORTH_POTOMAC      1  .00  .00  .00 1.00  .00  .0033.NORTH_POTOMAC      2  .02  .17  .54  .04  .23  .0033.NORTH_POTOMAC      3  .23  .54  .23  .00  .00  .0033.NORTH_POTOMAC      4  .20  .36  .45  .00  .00  .0033.NORTH_POTOMAC     14  .10  .29  .42  .06  .13  .0033.NORTH_POTOMAC     24  .10  .30  .44  .02  .14  .0034.R_&_D_VILLAGE      1  .00  .00  .37  .48  .14  .0034.R_&_D_VILLAGE      2  .35  .44  .12  .00  .09  .0034.R_&_D_VILLAGE      3  .23  .18  .44  .14  .00  .0034.R_&_D_VILLAGE      4  .67  .33  .00  .00  .00  .0034.R_&_D_VILLAGE     14  .21  .22  .29  .20  .08  .0034.R_&_D_VILLAGE     24  .31  .33  .25  .06  .05  .0035.GERMANTOWN_WEST    1  .00  .21  .06  .45  .29  .0035.GERMANTOWN_WEST    2  .14  .28  .28  .16  .05  .0935.GERMANTOWN_WEST    3  .44  .32  .25  .00  .00  .0035.GERMANTOWN_WEST    4  .66  .34  .00  .00  .00  .0035.GERMANTOWN_WEST   14  .15  .26  .21  .21  .11  .0635.GERMANTOWN_WEST   24  .20  .28  .26  .13  .04  .0836.GERMANTOWN_EAST    1  .01  .11  .17  .20  .51  .0036.GERMANTOWN_EAST    2  .20  .28  .27  .18  .00  .0736.GERMANTOWN_EAST    3  .23  .22  .54  .00  .00  .0036.GERMANTOWN_EAST    4  .10  .51  .39  .00  .00  .0036.GERMANTOWN_EAST   14  .09  .19  .23  .17  .29  .0236.GERMANTOWN_EAST   24  .19  .30  .31  .14  .00  .0537.DAMASCUS           2  .05  .00  .16  .09  .55  .1537.DAMASCUS           3  .03  .14  .03  .25  .31  .2437.DAMASCUS           4  .12  .42  .00  .00  .45  .0037.DAMASCUS          14  .04  .12  .07  .18  .39  .1937.DAMASCUS          24  .04  .12  .07  .18  .39  .1938.PATUXENT_EAST      2  .01  .12  .52  .26  .09  .0038.PATUXENT_EAST      3  .03  .31  .64  .02  .00  .0038.PATUXENT_EAST      4  .66  .34  .00  .00  .00  .0038.PATUXENT_EAST     14  .03  .19  .56  .17  .06  .0038.PATUXENT_EAST     24  .03  .19  .56  .17  .06  .0055.PATUXENT_MID       2  .10  .14  .47  .30  .00  .0055.PATUXENT_MID       3  .13  .48  .08  .25  .00  .0555.PATUXENT_MID       4  .01  .08  .58  .29  .04  .0055.PATUXENT_MID      14  .08  .24  .37  .27  .02  .0255.PATUXENT_MID      24  .08  .24  .37  .27  .02  .0256.PATUXENT_WEST      2  .09  .08  .00  .00  .83  .0056.PATUXENT_WEST      3  .00  .00  .06  .41  .00  .5356.PATUXENT_WEST      4  .03  .09  .21  .00  .67  .0056.PATUXENT_WEST     14  .04  .06  .10  .11  .54  .1456.PATUXENT_WEST     24  .04  .06  .10  .11  .54  .1439.UPPER_ROCK_CREEK   2  .14  .51  .20  .14  .00  .0039.UPPER_ROCK_CREEK   3  .14  .43  .06  .37  .00  .0039.UPPER_ROCK_CREEK   4  .08  .23  .51  .10  .08  .0039.UPPER_ROCK_CREEK  14  .12  .39  .25  .22  .03  .0039.UPPER_ROCK_CREEK  24  .12  .39  .25  .22  .03  .0040.CLARKSBURG         1  .01  .05  .00  .30  .21  .4340.CLARKSBURG         2  .10  .20  .05  .23  .00  .4140.CLARKSBURG         3  .09  .17  .36  .09  .00  .3040.CLARKSBURG         4  .28  .72  .00  .00  .00  .0040.CLARKSBURG        14  .05  .11  .11  .23  .12  .3940.CLARKSBURG        24  .10  .19  .24  .14  .00  .3441.GOSHEN             2  .14  .05  .28  .15  .13  .2541.GOSHEN             3  .12  .25  .15  .23  .24  .0041.GOSHEN             4  .11  .08  .40  .42  .00  .0041.GOSHEN            14  .13  .16  .23  .23  .17  .0841.GOSHEN            24  .13  .16  .23  .23  .17  .0854.DICKERSON          2  .17  .00  .56  .27  .00  .0054.DICKERSON          3  .28  .08  .34  .08  .00  .2154.DICKERSON          4  .78  .22  .00  .00  .00  .0054.DICKERSON         14  .32  .08  .35  .11  .00  .1454.DICKERSON         24  .32  .08  .35  .11  .00  .1458.LOWER_SENECA       2  .20  .15  .00  .65  .00  .0058.LOWER_SENECA       3  .18  .18  .00  .64  .00  .0058.LOWER_SENECA       4  .58  .42  .00  .00  .00  .0058.LOWER_SENECA      14  .26  .20  .00  .53  .00  .0058.LOWER_SENECA      24  .26  .20  .00  .53  .00  .0059.DARNESTOWN         2  .23  .14  .18  .32  .13  .0059.DARNESTOWN         3  .21  .24  .18  .37  .00  .0059.DARNESTOWN         4 1.00  .00  .00  .00  .00  .0059.DARNESTOWN        14  .22  .18  .18  .34  .09  .0059.DARNESTOWN        24  .22  .18  .18  .34  .09  .0060.TRAVILAH           2  .07  .17  .35  .27  .14  .0060.TRAVILAH           3  .20  .56  .17  .00  .07  .0060.TRAVILAH           4  .12  .35  .18  .20  .15  .0060.TRAVILAH          14  .14  .39  .22  .14  .12  .0060.TRAVILAH          24  .14  .39  .22  .14  .12  .0061.BENNETT            1  .00  .00  .10  .25  .00  .6461.BENNETT            2  .12  .23  .00  .00  .00  .6561.BENNETT            3  .13  .10  .23  .25  .00  .2961.BENNETT            4  .06  .12  .23  .14  .33  .1261.BENNETT           14  .07  .08  .15  .20  .06  .4461.BENNETT           24  .11  .13  .18  .17  .09  .3242.POOLESVILLE        2  .68  .00  .32  .00  .00  .0042.POOLESVILLE        3  .81  .19  .00  .00  .00  .0042.POOLESVILLE        4  .31  .69  .00  .00  .00  .0042.POOLESVILLE       14  .67  .24  .09  .00  .00  .0042.POOLESVILLE       24  .67  .24  .09  .00  .00  .00