rep.MS Mode Choice (weighted average of summary statistics)                          AUTO1 AUTO2 AUTO3 WALK WCTR ADTR APTR AUTO_OCC =============================================================================='Dummy' 1                 0.000 0.000 0.000 0.000 0.000 0.000 0.000 0.000'00.Washington_DC' 61     0.618 0.095 0.024 0.113 0.130 0.014 0.005 1.080'02.Prince_Georges' 77    0.896 0.061 0.011 0.017 0.016 0.000 0.000 1.030'03.Alexandria'  9        0.781 0.074 0.024 0.015 0.072 0.024 0.010 1.052'04.Arlington' 15         0.726 0.087 0.032 0.027 0.097 0.022 0.009 1.070'05.Fairfax' 49           0.857 0.060 0.023 0.007 0.029 0.016 0.008 1.040'06.Loudoun' 13           0.892 0.044 0.010 0.006 0.019 0.021 0.009 1.020'07.Prince_William' 11    0.894 0.039 0.007 0.006 0.029 0.016 0.008 1.016'08.Charles' 4            0.639 0.017 0.001 0.001 0.311 0.033 0.001 0.998'09.Frederick' 22         0.940 0.028 0.003 0.004 0.009 0.011 0.006 1.006'10.Baltimore_City' 13    0.584 0.126 0.031 0.047 0.203 0.007 0.003 1.112'11.Baltimore_Co' 23      0.781 0.119 0.020 0.015 0.055 0.007 0.003 1.074'12.Harford' 6            0.875 0.094 0.011 0.007 0.014 0.000 0.000 1.048'13.Carroll' 6            0.774 0.107 0.013 0.012 0.035 0.039 0.019 1.063'14.Howard' 18            0.951 0.019 0.002 0.006 0.015 0.005 0.002 1.001'15.Anne_Arundel' 19      0.946 0.020 0.002 0.003 0.020 0.006 0.003 1.002'20.BETHESDA_CHEVY_CHAS   0.742 0.094 0.014 0.043 0.077 0.018 0.011 1.059'21.SILVER_SPRING' 23     0.645 0.109 0.024 0.027 0.163 0.021 0.011 1.086'22.POTOMAC' 17           0.809 0.067 0.018 0.022 0.024 0.047 0.011 1.043'23.N_BETHESDA' 19        0.667 0.179 0.016 0.010 0.051 0.071 0.006 1.117'24.ROCKVILLE' 21         0.763 0.080 0.021 0.018 0.060 0.031 0.027 1.055'25.KENSINGTON_WHEATON'   0.762 0.088 0.025 0.027 0.052 0.033 0.014 1.062'26.ASPEN_HILL' 10        0.819 0.058 0.013 0.015 0.030 0.059 0.006 1.033'27.FAIRLAND_WHITE_OAK'   0.819 0.069 0.015 0.012 0.040 0.034 0.010 1.040'28.CLOVERLY' 4           0.842 0.076 0.017 0.012 0.016 0.029 0.007 1.044'29.OLNEY' 7              0.854 0.071 0.009 0.017 0.016 0.026 0.007 1.035'30.GAITHERSBURG' 14      0.810 0.073 0.015 0.012 0.030 0.047 0.013 1.043'31.DERWOOD_NEEDWOOD' 1   0.768 0.091 0.019 0.010 0.041 0.053 0.017 1.059'32.MONTGOMERY_VILLAGE'   0.773 0.091 0.021 0.006 0.042 0.054 0.013 1.060'33.NORTH_POTOMAC' 7      0.839 0.069 0.015 0.022 0.015 0.032 0.008 1.039'34.R_&_D_VILLAGE' 7      0.870 0.049 0.011 0.022 0.020 0.021 0.008 1.024'35.GERMANTOWN_WEST' 12   0.817 0.051 0.017 0.007 0.018 0.066 0.024 1.032'36.GERMANTOWN_EAST' 8    0.855 0.042 0.010 0.012 0.026 0.040 0.014 1.020'37.DAMASCUS' 2           0.836 0.075 0.009 0.008 0.033 0.029 0.010 1.038'38.PATUXENT_EAST' 5      0.883 0.049 0.010 0.008 0.014 0.028 0.008 1.023'55.PATUXENT_MID' 3       0.892 0.048 0.011 0.008 0.008 0.026 0.008 1.023'56.PATUXENT_WEST' 1      0.862 0.057 0.017 0.005 0.008 0.039 0.011 1.034'39.UPPER_ROCK_CREEK' 4   0.829 0.058 0.011 0.016 0.023 0.048 0.014 1.031'40.CLARKSBURG' 2         0.667 0.280 0.011 0.006 0.007 0.023 0.006 1.168'41.GOSHEN' 3             0.847 0.059 0.009 0.007 0.013 0.047 0.018 1.029'54.DICKERSON' 3          0.868 0.040 0.006 0.001 0.013 0.050 0.022 1.016'57.MARTINSBURG' 1        0.869 0.058 0.017 0.003 0.007 0.038 0.007 1.034'58.LOWER_SENECA' 5       0.866 0.056 0.015 0.009 0.007 0.037 0.010 1.031'59.DARNESTOWN' 4         0.867 0.064 0.014 0.015 0.012 0.023 0.005 1.035'60.TRAVILAH' 5           0.858 0.065 0.013 0.012 0.013 0.032 0.007 1.035'61.BENNETT' 3            0.878 0.066 0.010 0.005 0.007 0.028 0.007 1.032'42.POOLESVILLE' 3        0.896 0.045 0.007 0.003 0.007 0.034 0.008 1.019'99.EXTERNALS' 13         0.515 0.027 0.001 0.106 0.353 0.001 0.001 1.00701.Montgomery_County      0.751 0.098 0.017 0.021 0.061 0.039 0.013 1.076