rep.SIMLOS (Simulated Level Of Service percentages)                    rt    A    B    C    D    E    F==============================================================00.Washington_DC      1  .02  .09  .27  .29  .21  .1100.Washington_DC      2  .06  .18  .33  .26  .14  .0300.Washington_DC      3  .08  .20  .26  .28  .14  .0400.Washington_DC      4  .01  .01  .10  .71  .16  .0100.Washington_DC     14  .04  .15  .29  .30  .16  .0600.Washington_DC     24  .06  .17  .31  .30  .14  .0302.Prince_Georges     1  .01  .04  .10  .51  .29  .0402.Prince_Georges     2  .03  .18  .34  .28  .13  .0402.Prince_Georges     3  .04  .16  .24  .28  .18  .0902.Prince_Georges     4  .04  .11  .24  .39  .14  .0802.Prince_Georges    14  .02  .10  .19  .42  .23  .0502.Prince_Georges    24  .04  .16  .29  .30  .15  .0603.Alexandria         1  .01  .03  .37  .43  .14  .0203.Alexandria         2  .16  .17  .36  .22  .06  .0203.Alexandria         3  .12  .26  .35  .10  .12  .0503.Alexandria         4  .08  .14  .14  .35  .14  .1503.Alexandria        14  .09  .14  .36  .27  .11  .0303.Alexandria        24  .14  .21  .35  .17  .09  .0404.Arlington          1  .00  .10  .20  .34  .28  .0804.Arlington          2  .05  .24  .28  .24  .12  .0704.Arlington          3  .10  .26  .35  .18  .10  .0104.Arlington          4  .12  .18  .31  .34  .00  .0404.Arlington         14  .03  .16  .24  .29  .21  .0604.Arlington         24  .07  .25  .32  .22  .10  .0405.Fairfax            1  .01  .05  .19  .33  .24  .1805.Fairfax            2  .02  .13  .24  .27  .19  .1505.Fairfax            3  .04  .14  .19  .25  .23  .1505.Fairfax            4  .04  .10  .20  .23  .20  .2305.Fairfax           14  .02  .10  .20  .29  .22  .1705.Fairfax           24  .03  .13  .21  .26  .21  .1606.Loudoun            1  .02  .76  .15  .07  .00  .0006.Loudoun            2  .02  .16  .33  .41  .05  .0306.Loudoun            3  .03  .15  .00  .18  .33  .3006.Loudoun            4  .01  .15  .33  .25  .18  .0706.Loudoun           14  .02  .19  .27  .34  .10  .0706.Loudoun           24  .02  .16  .28  .35  .11  .0807.Prince_William     1  .14  .20  .11  .31  .10  .1307.Prince_William     2  .07  .16  .29  .21  .10  .1607.Prince_William     3  .02  .27  .07  .09  .40  .1507.Prince_William     4  .04  .08  .12  .18  .34  .2407.Prince_William    14  .08  .18  .16  .22  .20  .1607.Prince_William    24  .05  .17  .19  .17  .24  .1809.Frederick          1  .14  .18  .27  .20  .14  .0709.Frederick          2  .06  .20  .22  .23  .20  .1009.Frederick          3  .11  .29  .23  .20  .07  .1009.Frederick          4  .08  .22  .17  .22  .16  .1609.Frederick         14  .11  .21  .24  .21  .15  .0809.Frederick         24  .08  .23  .22  .22  .15  .1110.Baltimore_City     1  .02  .21  .49  .28  .00  .0010.Baltimore_City     2  .08  .26  .33  .19  .09  .0510.Baltimore_City     3  .10  .28  .31  .19  .10  .0310.Baltimore_City    14  .06  .25  .38  .22  .06  .0310.Baltimore_City    24  .09  .27  .32  .19  .09  .0411.Baltimore_Co       1  .02  .07  .38  .38  .10  .0411.Baltimore_Co       2  .06  .12  .22  .30  .22  .0711.Baltimore_Co       3  .05  .11  .20  .21  .24  .1811.Baltimore_Co      14  .04  .09  .30  .32  .17  .0811.Baltimore_Co      24  .06  .12  .21  .26  .23  .1312.Harford            1  .11  .16  .46  .25  .02  .0012.Harford            2  .04  .03  .22  .19  .46  .0712.Harford            3  .04  .14  .09  .31  .29  .1212.Harford           14  .06  .11  .26  .25  .25  .0612.Harford           24  .04  .08  .15  .25  .37  .1013.Carroll            1  .00  .34  .00  .62  .02  .0213.Carroll            2  .02  .49  .42  .00  .08  .0013.Carroll            3  .03  .18  .36  .25  .15  .0313.Carroll           14  .03  .23  .31  .29  .12  .0313.Carroll           24  .03  .21  .36  .23  .14  .0314.Howard             1  .00  .08  .12  .44  .33  .0214.Howard             2  .00  .05  .08  .38  .30  .1914.Howard             3  .01  .02  .28  .33  .21  .1514.Howard            14  .01  .06  .15  .40  .29  .0914.Howard            24  .01  .03  .18  .35  .26  .1715.Anne_Arundel       1  .02  .12  .16  .27  .39  .0515.Anne_Arundel       2  .02  .10  .24  .20  .19  .2515.Anne_Arundel       3  .03  .12  .22  .21  .18  .2515.Anne_Arundel      14  .02  .11  .19  .24  .30  .1415.Anne_Arundel      24  .02  .11  .23  .20  .19  .2520.BETHESDA_CHEVY_CH  1  .00  .00  .14  .11  .21  .5420.BETHESDA_CHEVY_CH  2  .04  .29  .43  .15  .09  .0120.BETHESDA_CHEVY_CH  3  .08  .29  .26  .18  .18  .0220.BETHESDA_CHEVY_CH  4  .09  .17  .21  .12  .24  .1720.BETHESDA_CHEVY_CH 14  .02  .12  .24  .13  .18  .3120.BETHESDA_CHEVY_CH 24  .05  .27  .36  .15  .13  .0321.SILVER_SPRING      1  .00  .00  .00  .27  .64  .0921.SILVER_SPRING      2  .02  .25  .27  .11  .05  .3021.SILVER_SPRING      3  .08  .31  .17  .08  .07  .2821.SILVER_SPRING      4  .07  .13  .16  .14  .15  .3621.SILVER_SPRING     14  .03  .17  .16  .16  .24  .2421.SILVER_SPRING     24  .04  .24  .24  .11  .07  .3022.POTOMAC            1  .02  .01  .01  .04  .67  .2522.POTOMAC            2  .03  .26  .32  .16  .06  .1722.POTOMAC            3  .12  .28  .18  .23  .08  .1222.POTOMAC            4  .08  .15  .26  .20  .13  .1822.POTOMAC           14  .04  .12  .13  .12  .38  .2022.POTOMAC           24  .07  .24  .26  .19  .08  .1523.N_BETHESDA         1  .00  .01  .05  .32  .42  .2023.N_BETHESDA         2  .01  .34  .38  .17  .05  .0423.N_BETHESDA         3  .05  .32  .30  .18  .07  .0923.N_BETHESDA         4  .06  .26  .19  .25  .23  .0223.N_BETHESDA        14  .02  .25  .26  .22  .16  .0923.N_BETHESDA        24  .03  .32  .32  .19  .08  .0624.ROCKVILLE          1  .00  .00  .23  .24  .29  .2324.ROCKVILLE          2  .06  .29  .34  .21  .03  .0624.ROCKVILLE          3  .07  .52  .33  .08  .00  .0024.ROCKVILLE          4  .02  .19  .23  .39  .08  .0924.ROCKVILLE         14  .03  .17  .28  .22  .16  .1424.ROCKVILLE         24  .05  .32  .33  .21  .03  .0525.KENSINGTON_WHEATO  1  .00  .00  .00  .42  .38  .2025.KENSINGTON_WHEATO  2  .02  .29  .35  .25  .10  .0025.KENSINGTON_WHEATO  3  .16  .25  .34  .16  .00  .0925.KENSINGTON_WHEATO  4  .10  .24  .23  .13  .04  .2525.KENSINGTON_WHEATO 14  .03  .22  .27  .27  .14  .0725.KENSINGTON_WHEATO 24  .04  .28  .34  .23  .08  .0326.ASPEN_HILL         2  .01  .23  .33  .15  .19  .0926.ASPEN_HILL         3  .02  .15  .28  .21  .31  .0426.ASPEN_HILL         4  .15  .28  .40  .12  .04  .0026.ASPEN_HILL        14  .03  .21  .32  .16  .20  .0726.ASPEN_HILL        24  .03  .21  .32  .16  .20  .0727.FAIRLAND_WHITE_OA  1  .00  .00  .15  .26  .58  .0027.FAIRLAND_WHITE_OA  2  .01  .32  .44  .15  .06  .0227.FAIRLAND_WHITE_OA  3  .04  .19  .35  .10  .23  .1027.FAIRLAND_WHITE_OA  4  .07  .19  .12  .07  .06  .4727.FAIRLAND_WHITE_OA 14  .01  .18  .31  .18  .28  .0527.FAIRLAND_WHITE_OA 24  .02  .28  .39  .13  .11  .0728.CLOVERLY           2  .06  .62  .25  .04  .02  .0028.CLOVERLY           3  .02  .05  .51  .23  .18  .0028.CLOVERLY           4  .08  .29  .00  .63  .00  .0028.CLOVERLY          14  .05  .36  .34  .17  .09  .0028.CLOVERLY          24  .05  .36  .34  .17  .09  .0029.OLNEY              2  .04  .33  .25  .36  .00  .0229.OLNEY              3  .30  .21  .16  .28  .04  .0029.OLNEY              4  .05  .13  .19  .50  .14  .0029.OLNEY             14  .09  .28  .22  .36  .03  .0129.OLNEY             24  .09  .28  .22  .36  .03  .0130.GAITHERSBURG       1  .03  .07  .20  .18  .27  .2430.GAITHERSBURG       2  .07  .29  .22  .25  .12  .0530.GAITHERSBURG       3  .23  .52  .14  .00  .11  .0030.GAITHERSBURG       4  .01  .30  .30  .18  .00  .2030.GAITHERSBURG      14  .06  .20  .21  .20  .19  .1430.GAITHERSBURG      24  .09  .32  .21  .21  .12  .0431.DERWOOD_NEEDWOOD   1  .01  .21  .48  .12  .09  .0831.DERWOOD_NEEDWOOD   2  .06  .30  .42  .10  .06  .0631.DERWOOD_NEEDWOOD   3  .22  .40  .38  .00  .00  .0031.DERWOOD_NEEDWOOD   4  .03  .02  .38  .44  .12  .0031.DERWOOD_NEEDWOOD  14  .07  .25  .42  .15  .07  .0531.DERWOOD_NEEDWOOD  24  .08  .26  .41  .15  .06  .0432.MONTGOMERY_VILLAG  2  .16  .20  .31  .12  .21  .0032.MONTGOMERY_VILLAG  3  .26  .47  .11  .06  .11  .0032.MONTGOMERY_VILLAG  4  .19  .24  .15  .34  .08  .0032.MONTGOMERY_VILLAG 14  .20  .30  .23  .11  .17  .0032.MONTGOMERY_VILLAG 24  .20  .30  .23  .11  .17  .0033.NORTH_POTOMAC      1  .00  .00  .00 1.00  .00  .0033.NORTH_POTOMAC      2  .02  .15  .51  .07  .16  .0933.NORTH_POTOMAC      3  .18  .41  .29  .12  .00  .0033.NORTH_POTOMAC      4  .19  .06  .75  .00  .00  .0033.NORTH_POTOMAC     14  .08  .22  .44  .11  .09  .0533.NORTH_POTOMAC     24  .08  .23  .45  .08  .10  .0534.R_&_D_VILLAGE      1  .00  .00  .34  .51  .00  .1434.R_&_D_VILLAGE      2  .29  .43  .15  .04  .06  .0334.R_&_D_VILLAGE      3  .14  .32  .22  .19  .00  .1334.R_&_D_VILLAGE      4  .44  .00  .56  .00  .00  .0034.R_&_D_VILLAGE     14  .16  .27  .23  .22  .02  .0934.R_&_D_VILLAGE     24  .24  .38  .18  .10  .03  .0735.GERMANTOWN_WEST    1  .00  .16  .05  .16  .52  .1135.GERMANTOWN_WEST    2  .15  .27  .26  .13  .09  .1035.GERMANTOWN_WEST    3  .40  .38  .14  .08  .00  .0035.GERMANTOWN_WEST    4  .22  .40  .31  .06  .00  .0035.GERMANTOWN_WEST   14  .14  .26  .20  .13  .18  .0935.GERMANTOWN_WEST   24  .19  .29  .24  .12  .07  .0836.GERMANTOWN_EAST    1  .01  .09  .17  .09  .59  .0436.GERMANTOWN_EAST    2  .08  .34  .38  .09  .05  .0736.GERMANTOWN_EAST    3  .11  .22  .26  .42  .00  .0036.GERMANTOWN_EAST    4  .08  .25  .25  .42  .00  .0036.GERMANTOWN_EAST   14  .04  .19  .25  .13  .34  .0536.GERMANTOWN_EAST   24  .08  .31  .35  .16  .04  .0537.DAMASCUS           2  .05  .10  .00  .31  .39  .1537.DAMASCUS           3  .03  .16  .14  .42  .00  .2637.DAMASCUS           4  .14  .29  .17  .00  .00  .4037.DAMASCUS          14  .05  .16  .10  .34  .11  .2437.DAMASCUS          24  .05  .16  .10  .34  .11  .2438.PATUXENT_EAST      2  .01  .11  .48  .28  .12  .0038.PATUXENT_EAST      3  .02  .19  .65  .14  .00  .0038.PATUXENT_EAST      4  .00 1.00  .00  .00  .00  .0038.PATUXENT_EAST     14  .01  .15  .54  .22  .07  .0038.PATUXENT_EAST     24  .01  .15  .54  .22  .07  .0055.PATUXENT_MID       2  .05  .05  .14  .24  .21  .3155.PATUXENT_MID       3  .13  .29  .44  .08  .00  .0555.PATUXENT_MID       4  .00  .00  .06  .40  .23  .3155.PATUXENT_MID      14  .06  .11  .22  .25  .14  .2255.PATUXENT_MID      24  .06  .11  .22  .25  .14  .2256.PATUXENT_WEST      2  .16  .00  .00  .44  .40  .0056.PATUXENT_WEST      3  .00  .00  .06  .42  .00  .5256.PATUXENT_WEST      4  .02  .04  .31  .00  .00  .6456.PATUXENT_WEST     14  .06  .02  .15  .25  .13  .4056.PATUXENT_WEST     24  .06  .02  .15  .25  .13  .4039.UPPER_ROCK_CREEK   2  .16  .47  .19  .17  .00  .0039.UPPER_ROCK_CREEK   3  .13  .33  .05  .08  .41  .0039.UPPER_ROCK_CREEK   4  .04  .08  .43  .36  .00  .0939.UPPER_ROCK_CREEK  14  .11  .29  .22  .20  .15  .0339.UPPER_ROCK_CREEK  24  .11  .29  .22  .20  .15  .0340.CLARKSBURG         1  .01  .05  .00  .29  .20  .4440.CLARKSBURG         2  .14  .06  .35  .10  .00  .3640.CLARKSBURG         3  .08  .09  .35  .18  .00  .3040.CLARKSBURG         4 1.00  .00  .00  .00  .00  .0040.CLARKSBURG        14  .05  .06  .16  .23  .11  .3940.CLARKSBURG        24  .10  .08  .35  .15  .00  .3241.GOSHEN             2  .10  .06  .31  .14  .14  .2441.GOSHEN             3  .14  .23  .18  .45  .00  .0041.GOSHEN             4  .10  .21  .17  .51  .00  .0041.GOSHEN            14  .12  .17  .23  .35  .05  .0941.GOSHEN            24  .12  .17  .23  .35  .05  .0954.DICKERSON          2  .17  .00  .58  .25  .00  .0054.DICKERSON          3  .34  .24  .04  .15  .00  .2354.DICKERSON          4  .28  .72  .00  .00  .00  .0054.DICKERSON         14  .29  .23  .18  .16  .00  .1454.DICKERSON         24  .29  .23  .18  .16  .00  .1458.LOWER_SENECA       2  .30  .06  .05  .59  .00  .0058.LOWER_SENECA       3  .34  .03  .63  .00  .00  .0058.LOWER_SENECA       4  .45  .31  .24  .00  .00  .0058.LOWER_SENECA      14  .33  .10  .16  .41  .00  .0058.LOWER_SENECA      24  .33  .10  .16  .41  .00  .0059.DARNESTOWN         2  .26  .13  .16  .45  .00  .0059.DARNESTOWN         3  .18  .28  .18  .36  .00  .0059.DARNESTOWN         4 1.00  .00  .00  .00  .00  .0059.DARNESTOWN        14  .24  .18  .17  .41  .00  .0059.DARNESTOWN        24  .24  .18  .17  .41  .00  .0060.TRAVILAH           2  .07  .16  .63  .14  .00  .0060.TRAVILAH           3  .32  .37  .23  .00  .08  .0060.TRAVILAH           4  .17  .03  .32  .21  .10  .1760.TRAVILAH          14  .21  .20  .37  .10  .06  .0560.TRAVILAH          24  .21  .20  .37  .10  .06  .0561.BENNETT            1  .00  .00  .10  .25  .00  .6561.BENNETT            2  .14  .24  .00  .00  .62  .0061.BENNETT            3  .07  .14  .23  .24  .04  .2961.BENNETT            4  .00  .16  .04  .32  .00  .4861.BENNETT           14  .04  .11  .12  .23  .08  .4361.BENNETT           24  .06  .17  .13  .22  .13  .3042.POOLESVILLE        2  .75  .00  .25  .00  .00  .0042.POOLESVILLE        3  .68  .19  .00  .00  .00  .1342.POOLESVILLE        4  .31  .00  .69  .00  .00  .0042.POOLESVILLE       14  .64  .11  .18  .00  .00  .0742.POOLESVILLE       24  .64  .11  .18  .00  .00  .07