rep.MS Mode Choice (weighted average of summary statistics)                          AUTO1 AUTO2 AUTO3 WALK WCTR ADTR APTR AUTO_OCC =============================================================================='Dummy' 1                 0.000 0.000 0.000 0.000 0.000 0.000 0.000 0.000'00.Washington_DC' 61     0.637 0.099 0.023 0.130 0.090 0.014 0.006 1.079'02.Prince_Georges' 77    0.818 0.077 0.016 0.014 0.054 0.016 0.005 1.046'03.Alexandria'  9        0.754 0.078 0.030 0.035 0.065 0.027 0.011 1.061'04.Arlington' 15         0.685 0.085 0.044 0.077 0.069 0.027 0.014 1.084'05.Fairfax' 49           0.844 0.070 0.022 0.009 0.035 0.015 0.006 1.045'06.Loudoun' 13           0.890 0.058 0.012 0.004 0.018 0.012 0.005 1.030'07.Prince_William' 11    0.846 0.054 0.012 0.003 0.059 0.018 0.009 1.029'08.Charles' 4            0.638 0.110 0.023 0.000 0.120 0.075 0.035 1.086'09.Frederick' 22         0.884 0.051 0.009 0.002 0.016 0.025 0.012 1.024'10.Baltimore_City' 13    0.640 0.093 0.020 0.056 0.187 0.003 0.001 1.072'11.Baltimore_Co' 23      0.816 0.103 0.019 0.012 0.047 0.002 0.001 1.062'12.Harford' 6            0.855 0.110 0.017 0.004 0.014 0.000 0.000 1.062'13.Carroll' 6            0.872 0.088 0.015 0.008 0.014 0.003 0.001 1.048'14.Howard' 18            0.869 0.059 0.012 0.005 0.045 0.007 0.003 1.031'15.Anne_Arundel' 19      0.873 0.051 0.011 0.004 0.049 0.008 0.004 1.026'20.BETHESDA_CHEVY_CHAS   0.638 0.089 0.020 0.081 0.138 0.020 0.013 1.069'21.SILVER_SPRING' 23     0.636 0.090 0.020 0.064 0.155 0.025 0.011 1.070'22.POTOMAC' 17           0.744 0.092 0.022 0.008 0.073 0.046 0.015 1.064'23.N_BETHESDA' 19        0.659 0.091 0.019 0.026 0.142 0.042 0.021 1.068'24.ROCKVILLE' 21         0.596 0.088 0.020 0.048 0.189 0.046 0.012 1.073'25.KENSINGTON_WHEATON'   0.687 0.104 0.025 0.015 0.121 0.038 0.010 1.079'26.ASPEN_HILL' 10        0.715 0.099 0.023 0.011 0.096 0.043 0.014 1.071'27.FAIRLAND_WHITE_OAK'   0.755 0.098 0.022 0.010 0.082 0.023 0.009 1.066'28.CLOVERLY' 4           0.751 0.105 0.023 0.002 0.082 0.026 0.012 1.071'29.OLNEY' 7              0.755 0.090 0.018 0.004 0.079 0.042 0.013 1.058'30.GAITHERSBURG' 14      0.683 0.093 0.023 0.020 0.117 0.048 0.015 1.071'31.DERWOOD_NEEDWOOD' 1   0.701 0.099 0.024 0.009 0.090 0.060 0.017 1.073'32.MONTGOMERY_VILLAGE'   0.700 0.096 0.024 0.009 0.088 0.069 0.014 1.071'33.NORTH_POTOMAC' 7      0.752 0.085 0.021 0.007 0.065 0.050 0.021 1.058'34.R_&_D_VILLAGE' 7      0.693 0.093 0.023 0.022 0.134 0.024 0.011 1.070'35.GERMANTOWN_WEST' 12   0.702 0.085 0.020 0.005 0.116 0.053 0.020 1.061'36.GERMANTOWN_EAST' 8    0.739 0.093 0.022 0.007 0.084 0.038 0.015 1.065'37.DAMASCUS' 2           0.754 0.116 0.017 0.001 0.055 0.048 0.010 1.072'38.PATUXENT_EAST' 5      0.740 0.096 0.018 0.003 0.101 0.029 0.014 1.063'55.PATUXENT_MID' 3       0.765 0.105 0.017 0.001 0.067 0.030 0.014 1.066'56.PATUXENT_WEST' 1      0.736 0.102 0.012 0.003 0.095 0.035 0.017 1.062'39.UPPER_ROCK_CREEK' 4   0.706 0.093 0.022 0.007 0.087 0.064 0.021 1.067'40.CLARKSBURG' 2         0.746 0.090 0.019 0.002 0.071 0.055 0.017 1.060'41.GOSHEN' 3             0.769 0.098 0.013 0.002 0.053 0.052 0.014 1.057'54.DICKERSON' 3          0.713 0.106 0.016 0.000 0.103 0.042 0.020 1.069'57.MARTINSBURG' 1        0.711 0.148 0.031 0.000 0.057 0.035 0.017 1.107'58.LOWER_SENECA' 5       0.729 0.126 0.027 0.001 0.073 0.027 0.017 1.089'59.DARNESTOWN' 4         0.760 0.092 0.024 0.003 0.066 0.043 0.012 1.064'60.TRAVILAH' 5           0.754 0.089 0.020 0.003 0.070 0.047 0.017 1.060'61.BENNETT' 3            0.777 0.095 0.011 0.001 0.052 0.052 0.013 1.054'42.POOLESVILLE' 3        0.740 0.106 0.021 0.001 0.066 0.050 0.016 1.072'99.EXTERNALS' 13         0.760 0.075 0.015 0.017 0.089 0.030 0.014 1.04701.Montgomery_County      0.693 0.094 0.021 0.025 0.114 0.040 0.014 1.083