rep.AO Auto Ownership (weighted average of summary statistics)                          AUTOOWN0 AUTOOWN1 AUTOOWN2+ HOUSEHOLDS =============================================================================='Dummy' 1                       0.00       0.00       0.00       0.00 '00.Washington_DC' 61           0.07       0.14       0.79  253620.00 '02.Prince_Georges' 77          0.02       0.16       0.82  295010.00 '03.Alexandria'  9              0.06       0.21       0.73   51458.00 '04.Arlington' 15               0.09       0.20       0.70   86176.00 '05.Fairfax' 49                 0.05       0.17       0.79  408521.00 '06.Loudoun' 13                 0.01       0.16       0.83   51862.00 '07.Prince_William' 11          0.01       0.14       0.84  123750.00 '08.Charles' 4                  0.01       0.14       0.85       4.00 '09.Frederick' 22               0.01       0.15       0.83   70124.00 '10.Baltimore_City' 13          0.05       0.19       0.76  283001.00 '11.Baltimore_Co' 23            0.02       0.16       0.82  299933.00 '12.Harford' 6                  0.01       0.16       0.83   80333.00 '13.Carroll' 6                  0.01       0.16       0.83   52233.00 '14.Howard' 18                  0.02       0.16       0.83   93201.00 '15.Anne_Arundel' 19            0.02       0.16       0.83  173867.00 '20.BETHESDA_CHEVY_CHAS         0.02       0.18       0.80   26484.00 '43.FRIENDSHIP_HEIGHTS'         0.92       0.02       0.06    3094.00 '44.BETHESDA_CBD' 3             0.58       0.09       0.33    6406.00 '62.NIH_MEDICAL CENTER'         0.04       0.17       0.79     284.00 '21.SILVER_SPRING' 18           0.04       0.20       0.76   26492.00 '45.SILVER_SPRING_CBD'          0.63       0.09       0.27    7843.00 '46.TAKOMA_PARK' 2              0.04       0.18       0.77    1342.00 '22.POTOMAC' 17                 0.01       0.13       0.86   15847.00 '23.N_BETHESDA' 13              0.05       0.18       0.76   12680.00 '47.GROSVENOR' 2                0.10       0.19       0.71    3035.00 '48.WHITE_FLINT' 2              0.13       0.17       0.70    1103.00 '49.TWINBROOK' 1                0.18       0.15       0.68     187.00 '62.ROCK_SPRING_PARK' 1         0.06       0.17       0.78     455.00 '24.ROCKVILLE' 21               0.06       0.15       0.79   19624.00 '25.KENSINGTON_WHEATON'         0.02       0.16       0.82   34556.00 '50.WHEATON_CBD' 4              0.06       0.17       0.76    1153.00 '51.FOREST_GLEN' 2              0.03       0.16       0.80    1736.00 '26.ASPEN_HILL' 10              0.02       0.17       0.81   23113.00 '27.FAIRLAND_WHITE_OAK'         0.02       0.17       0.81   34410.00 '28.CLOVERLY' 4                 0.01       0.13       0.87    7046.00 '29.OLNEY' 7                    0.01       0.13       0.87   10323.00 '30.GAITHERSBURG' 14            0.04       0.18       0.78   24410.00 '31.DERWOOD_NEEDWOOD' 1         0.01       0.16       0.83    5365.00 '52.SHADY_GROVE' 4              0.03       0.17       0.80     140.00 '32.MONTGOMERY_VILLAGE'         0.01       0.17       0.82   15612.00 '33.NORTH_POTOMAC' 7            0.01       0.13       0.86    8272.00 '34.R_&_D_VILLAGE' 7            0.01       0.16       0.82    2456.00 '35.GERMANTOWN_WEST' 9          0.02       0.17       0.81   27231.00 '53.GERMANTOWN_TOWN_CEN         0.04       0.17       0.80       8.00 '36.GERMANTOWN_EAST' 8          0.02       0.17       0.81    2816.00 '37.DAMASCUS' 2                 0.01       0.14       0.85    3232.00 '38.PATUXENT_EAST' 5            0.01       0.13       0.86    1876.00 '55.PATUXENT_MID' 3             0.01       0.12       0.87    1023.00 '56.PATUXENT_WEST' 1            0.01       0.13       0.86     395.00 '39.UPPER_ROCK_CREEK' 4         0.01       0.12       0.87    1808.00 '40.CLARKSBURG' 2               0.01       0.13       0.86    1440.00 '41.GOSHEN' 3                   0.01       0.16       0.83    3075.00 '54.DICKERSON' 3                0.01       0.13       0.86     539.00 '57.MARTINSBURG' 1              0.01       0.13       0.86     137.00 '58.LOWER_SENECA' 5             0.01       0.13       0.86     828.00 '59.DARNESTOWN' 4               0.01       0.12       0.87    1485.00 '60.TRAVILAH' 5                 0.01       0.13       0.86    1364.00 '61.BENNETT' 3                  0.01       0.13       0.86    1338.00 '42.POOLESVILLE' 3              0.01       0.13       0.86    1515.00 '99.EXTERNALS' 13               0.01       0.15       0.84      13.00 01.Montgomery_County            0.06       0.16       0.78  343578.00 