rep.SIMLOS (Simulated Level Of Service percentages)                    rt    A    B    C    D    E    F==============================================================00.Washington_DC      1  .02  .09  .28  .27  .24  .1000.Washington_DC      2  .06  .18  .33  .27  .14  .0200.Washington_DC      3  .08  .20  .31  .23  .14  .0400.Washington_DC      4  .02  .01  .09  .73  .14  .0000.Washington_DC     14  .04  .14  .30  .29  .18  .0500.Washington_DC     24  .06  .17  .32  .29  .14  .0202.Prince_Georges     1  .01  .04  .11  .51  .28  .0502.Prince_Georges     2  .04  .18  .30  .30  .14  .0502.Prince_Georges     3  .04  .15  .26  .27  .19  .0802.Prince_Georges     4  .03  .12  .23  .41  .13  .0802.Prince_Georges    14  .02  .09  .19  .42  .22  .0602.Prince_Georges    24  .04  .16  .27  .31  .15  .0603.Alexandria         1  .00  .03  .38  .45  .12  .0203.Alexandria         2  .15  .23  .28  .22  .11  .0203.Alexandria         3  .12  .24  .31  .16  .12  .0503.Alexandria         4  .05  .15  .22  .31  .27  .0103.Alexandria        14  .08  .15  .33  .29  .12  .0303.Alexandria        24  .13  .23  .29  .19  .12  .0404.Arlington          1  .00  .09  .17  .37  .29  .0804.Arlington          2  .06  .22  .33  .21  .12  .0504.Arlington          3  .11  .21  .32  .24  .11  .0104.Arlington          4  .16  .09  .49  .15  .06  .0404.Arlington         14  .04  .14  .23  .31  .22  .0604.Arlington         24  .09  .21  .33  .22  .12  .0305.Fairfax            1  .01  .05  .18  .33  .22  .2005.Fairfax            2  .02  .13  .24  .27  .21  .1305.Fairfax            3  .04  .14  .20  .25  .21  .1605.Fairfax            4  .03  .11  .19  .28  .21  .1905.Fairfax           14  .02  .10  .20  .29  .21  .1705.Fairfax           24  .03  .14  .21  .26  .21  .1506.Loudoun            1  .02  .76  .16  .07  .00  .0006.Loudoun            2  .03  .10  .38  .36  .11  .0306.Loudoun            3  .03  .15  .06  .13  .32  .3106.Loudoun            4  .04  .10  .35  .23  .20  .0806.Loudoun           14  .03  .15  .32  .29  .14  .0706.Loudoun           24  .03  .11  .33  .31  .15  .0807.Prince_William     1  .12  .10  .23  .32  .10  .1307.Prince_William     2  .09  .16  .28  .20  .09  .1807.Prince_William     3  .03  .18  .18  .20  .30  .1007.Prince_William     4  .06  .05  .14  .38  .18  .1807.Prince_William    14  .08  .12  .22  .27  .15  .1507.Prince_William    24  .07  .14  .22  .25  .17  .1609.Frederick          1  .14  .17  .28  .21  .14  .0609.Frederick          2  .07  .22  .24  .19  .21  .0709.Frederick          3  .13  .29  .22  .22  .08  .0609.Frederick          4  .09  .19  .26  .20  .22  .0309.Frederick         14  .12  .20  .26  .20  .15  .0609.Frederick         24  .09  .24  .24  .20  .17  .0610.Baltimore_City     1  .02  .18  .51  .30  .00  .0010.Baltimore_City     2  .08  .25  .32  .19  .10  .0510.Baltimore_City     3  .09  .27  .28  .23  .09  .0310.Baltimore_City    14  .06  .23  .38  .24  .06  .0310.Baltimore_City    24  .09  .26  .31  .20  .10  .0511.Baltimore_Co       1  .03  .05  .38  .41  .09  .0411.Baltimore_Co       2  .05  .13  .24  .27  .25  .0611.Baltimore_Co       3  .04  .09  .21  .20  .27  .1911.Baltimore_Co      14  .04  .08  .30  .33  .18  .0811.Baltimore_Co      24  .05  .11  .22  .24  .26  .1212.Harford            1  .16  .11  .56  .14  .04  .0012.Harford            2  .04  .03  .18  .22  .46  .0712.Harford            3  .03  .15  .09  .29  .23  .2112.Harford           14  .08  .10  .28  .22  .24  .0912.Harford           24  .04  .09  .13  .25  .34  .1413.Carroll            1  .00  .31  .00  .66  .01  .0313.Carroll            2  .02  .49  .42  .00  .08  .0013.Carroll            3  .03  .18  .29  .32  .15  .0313.Carroll           14  .02  .23  .26  .34  .12  .0313.Carroll           24  .03  .21  .30  .28  .14  .0314.Howard             1  .00  .06  .14  .38  .40  .0214.Howard             2  .00  .03  .09  .32  .36  .1914.Howard             3  .01  .05  .23  .34  .20  .1614.Howard            14  .01  .05  .16  .36  .34  .1014.Howard            24  .01  .04  .17  .33  .27  .1715.Anne_Arundel       1  .02  .05  .21  .25  .32  .1415.Anne_Arundel       2  .03  .08  .25  .19  .23  .2215.Anne_Arundel       3  .04  .11  .19  .22  .15  .2915.Anne_Arundel      14  .03  .07  .22  .23  .27  .1915.Anne_Arundel      24  .04  .09  .22  .20  .20  .2520.BETHESDA_CHEVY_CH  1  .00  .04  .09  .14  .31  .4220.BETHESDA_CHEVY_CH  2  .03  .29  .41  .14  .12  .0120.BETHESDA_CHEVY_CH  3  .10  .24  .29  .21  .17  .0020.BETHESDA_CHEVY_CH  4  .09  .20  .25  .20  .12  .1420.BETHESDA_CHEVY_CH 14  .03  .14  .21  .15  .23  .2420.BETHESDA_CHEVY_CH 24  .06  .27  .36  .16  .13  .0221.SILVER_SPRING      1  .00  .00  .00  .27  .73  .0021.SILVER_SPRING      2  .02  .23  .28  .13  .05  .2921.SILVER_SPRING      3  .14  .30  .15  .07  .09  .2521.SILVER_SPRING      4  .08  .22  .24  .18  .03  .2621.SILVER_SPRING     14  .03  .17  .17  .17  .27  .1921.SILVER_SPRING     24  .05  .24  .25  .12  .06  .2822.POTOMAC            1  .01  .02  .01  .06  .69  .2222.POTOMAC            2  .04  .28  .33  .14  .04  .1622.POTOMAC            3  .09  .31  .29  .14  .02  .1622.POTOMAC            4  .07  .22  .33  .14  .17  .0722.POTOMAC           14  .04  .14  .16  .10  .38  .1822.POTOMAC           24  .06  .28  .32  .14  .06  .1423.N_BETHESDA         1  .00  .02  .05  .23  .61  .1023.N_BETHESDA         2  .01  .28  .41  .22  .03  .0423.N_BETHESDA         3  .04  .29  .34  .21  .05  .0823.N_BETHESDA         4  .06  .24  .32  .12  .07  .1823.N_BETHESDA        14  .02  .21  .29  .21  .18  .0823.N_BETHESDA        24  .03  .28  .37  .20  .04  .0824.ROCKVILLE          1  .00  .01  .17  .29  .31  .2224.ROCKVILLE          2  .07  .31  .34  .17  .04  .0724.ROCKVILLE          3  .10  .35  .45  .10  .00  .0024.ROCKVILLE          4  .03  .35  .15  .35  .08  .0524.ROCKVILLE         14  .04  .17  .26  .23  .17  .1424.ROCKVILLE         24  .07  .32  .34  .18  .04  .0525.KENSINGTON_WHEATO  1  .00  .00  .00  .42  .58  .0025.KENSINGTON_WHEATO  2  .03  .31  .35  .18  .12  .0225.KENSINGTON_WHEATO  3  .09  .28  .30  .18  .12  .0225.KENSINGTON_WHEATO  4  .11  .22  .21  .14  .08  .2425.KENSINGTON_WHEATO 14  .03  .24  .27  .23  .21  .0325.KENSINGTON_WHEATO 24  .04  .30  .34  .18  .12  .0326.ASPEN_HILL         2  .02  .24  .27  .16  .22  .0926.ASPEN_HILL         3  .05  .21  .27  .12  .33  .0226.ASPEN_HILL         4  .14  .15  .46  .20  .05  .0026.ASPEN_HILL        14  .04  .23  .29  .16  .22  .0626.ASPEN_HILL        24  .04  .23  .29  .16  .22  .0627.FAIRLAND_WHITE_OA  1  .00  .00  .16  .26  .58  .0027.FAIRLAND_WHITE_OA  2  .00  .32  .44  .18  .03  .0227.FAIRLAND_WHITE_OA  3  .07  .20  .37  .05  .22  .0927.FAIRLAND_WHITE_OA  4  .11  .17  .11  .12  .29  .2127.FAIRLAND_WHITE_OA 14  .02  .18  .32  .19  .27  .0327.FAIRLAND_WHITE_OA 24  .03  .28  .41  .15  .09  .0528.CLOVERLY           2  .03  .55  .36  .03  .02  .0028.CLOVERLY           3  .02  .19  .33  .27  .14  .0528.CLOVERLY           4  .06  .28  .00  .22  .44  .0028.CLOVERLY          14  .03  .39  .32  .14  .10  .0228.CLOVERLY          24  .03  .39  .32  .14  .10  .0229.OLNEY              2  .04  .34  .38  .21  .02  .0129.OLNEY              3  .24  .30  .15  .27  .00  .0529.OLNEY              4  .02  .29  .09  .61  .00  .0029.OLNEY             14  .08  .32  .29  .27  .01  .0229.OLNEY             24  .08  .32  .29  .27  .01  .0230.GAITHERSBURG       1  .03  .08  .20  .18  .41  .0930.GAITHERSBURG       2  .07  .19  .38  .18  .17  .0130.GAITHERSBURG       3  .33  .41  .13  .07  .00  .0630.GAITHERSBURG       4  .01  .40  .21  .22  .16  .0030.GAITHERSBURG      14  .07  .15  .27  .17  .28  .0530.GAITHERSBURG      24  .11  .23  .34  .16  .14  .0231.DERWOOD_NEEDWOOD   1  .01  .24  .46  .13  .16  .0031.DERWOOD_NEEDWOOD   2  .08  .29  .33  .13  .15  .0331.DERWOOD_NEEDWOOD   3  .32  .42  .27  .00  .00  .0031.DERWOOD_NEEDWOOD   4  .03  .14  .12  .51  .13  .0831.DERWOOD_NEEDWOOD  14  .09  .27  .32  .17  .12  .0331.DERWOOD_NEEDWOOD  24  .11  .28  .27  .19  .11  .0332.MONTGOMERY_VILLAG  2  .11  .37  .29  .08  .16  .0032.MONTGOMERY_VILLAG  3  .44  .43  .04  .09  .00  .0032.MONTGOMERY_VILLAG  4  .29  .15  .11  .35  .10  .0032.MONTGOMERY_VILLAG 14  .22  .37  .20  .10  .10  .0032.MONTGOMERY_VILLAG 24  .22  .37  .20  .10  .10  .0033.NORTH_POTOMAC      1  .00  .00  .00 1.00  .00  .0033.NORTH_POTOMAC      2  .01  .16  .56  .00  .23  .0433.NORTH_POTOMAC      3  .22  .46  .15  .17  .00  .0033.NORTH_POTOMAC      4  .13  .10  .77  .00  .00  .0033.NORTH_POTOMAC     14  .09  .25  .43  .09  .13  .0233.NORTH_POTOMAC     24  .09  .25  .45  .05  .13  .0234.R_&_D_VILLAGE      1  .00  .00  .37  .49  .00  .1434.R_&_D_VILLAGE      2  .33  .48  .11  .00  .08  .0034.R_&_D_VILLAGE      3  .18  .25  .26  .31  .00  .0034.R_&_D_VILLAGE      4  .09  .91  .00  .00  .00  .0034.R_&_D_VILLAGE     14  .18  .27  .24  .24  .03  .0534.R_&_D_VILLAGE     24  .27  .40  .17  .12  .05  .0035.GERMANTOWN_WEST    1  .00  .15  .11  .10  .34  .2935.GERMANTOWN_WEST    2  .14  .29  .27  .16  .05  .0935.GERMANTOWN_WEST    3  .35  .29  .23  .14  .00  .0035.GERMANTOWN_WEST    4  .28  .72  .00  .00  .00  .0035.GERMANTOWN_WEST   14  .13  .27  .22  .14  .12  .1335.GERMANTOWN_WEST   24  .18  .31  .25  .15  .04  .0736.GERMANTOWN_EAST    1  .01  .09  .20  .07  .53  .1136.GERMANTOWN_EAST    2  .11  .33  .35  .04  .10  .0636.GERMANTOWN_EAST    3  .25  .22  .53  .00  .00  .0036.GERMANTOWN_EAST    4  .06  .19  .16  .40  .19  .0036.GERMANTOWN_EAST   14  .06  .18  .26  .07  .34  .0836.GERMANTOWN_EAST   24  .12  .30  .35  .08  .10  .0537.DAMASCUS           2  .05  .12  .09  .58  .15  .0037.DAMASCUS           3  .01  .19  .13  .42  .00  .2537.DAMASCUS           4  .16  .17  .20  .00  .00  .4637.DAMASCUS          14  .04  .17  .12  .43  .04  .2037.DAMASCUS          24  .04  .17  .12  .43  .04  .2038.PATUXENT_EAST      2  .01  .17  .40  .29  .12  .0038.PATUXENT_EAST      3  .01  .18  .63  .17  .00  .0038.PATUXENT_EAST      4  .00 1.00  .00  .00  .00  .0038.PATUXENT_EAST     14  .01  .19  .48  .25  .07  .0038.PATUXENT_EAST     24  .01  .19  .48  .25  .07  .0055.PATUXENT_MID       2  .05  .05  .13  .19  .29  .2955.PATUXENT_MID       3  .10  .35  .21  .29  .00  .0555.PATUXENT_MID       4  .00  .01  .04  .62  .00  .3355.PATUXENT_MID      14  .05  .14  .12  .41  .06  .2255.PATUXENT_MID      24  .05  .14  .12  .41  .06  .2256.PATUXENT_WEST      2  .15  .00  .00  .45  .41  .0056.PATUXENT_WEST      3  .00  .00  .06  .42  .00  .5356.PATUXENT_WEST      4  .04  .00  .31  .00  .00  .6656.PATUXENT_WEST     14  .06  .00  .14  .25  .13  .4156.PATUXENT_WEST     24  .06  .00  .14  .25  .13  .4139.UPPER_ROCK_CREEK   2  .21  .24  .41  .14  .00  .0039.UPPER_ROCK_CREEK   3  .08  .34  .22  .00  .36  .0039.UPPER_ROCK_CREEK   4  .06  .06  .20  .58  .03  .0839.UPPER_ROCK_CREEK  14  .11  .22  .27  .23  .14  .0339.UPPER_ROCK_CREEK  24  .11  .22  .27  .23  .14  .0340.CLARKSBURG         1  .01  .05  .24  .05  .21  .4340.CLARKSBURG         2  .19  .10  .29  .00  .20  .2340.CLARKSBURG         3  .11  .15  .44  .00  .00  .3140.CLARKSBURG         4 1.00  .00  .00  .00  .00  .0040.CLARKSBURG        14  .07  .09  .31  .03  .15  .3640.CLARKSBURG        24  .14  .13  .39  .00  .07  .2841.GOSHEN             2  .11  .07  .46  .00  .37  .0041.GOSHEN             3  .07  .30  .26  .37  .00  .0041.GOSHEN             4  .10  .06  .22  .21  .41  .0041.GOSHEN            14  .09  .19  .32  .22  .18  .0041.GOSHEN            24  .09  .19  .32  .22  .18  .0054.DICKERSON          2  .15  .00  .85  .00  .00  .0054.DICKERSON          3  .31  .05  .41  .00  .00  .2254.DICKERSON          4 1.00  .00  .00  .00  .00  .0054.DICKERSON         14  .33  .03  .49  .00  .00  .1554.DICKERSON         24  .33  .03  .49  .00  .00  .1558.LOWER_SENECA       2  .20  .14  .46  .20  .00  .0058.LOWER_SENECA       3  .33  .05  .61  .00  .00  .0058.LOWER_SENECA       4  .47  .53  .00  .00  .00  .0058.LOWER_SENECA      14  .27  .19  .42  .13  .00  .0058.LOWER_SENECA      24  .27  .19  .42  .13  .00  .0059.DARNESTOWN         2  .23  .28  .49  .00  .00  .0059.DARNESTOWN         3  .19  .33  .49  .00  .00  .0059.DARNESTOWN         4 1.00  .00  .00  .00  .00  .0059.DARNESTOWN        14  .22  .29  .48  .00  .00  .0059.DARNESTOWN        24  .22  .29  .48  .00  .00  .0060.TRAVILAH           2  .19  .41  .41  .00  .00  .0060.TRAVILAH           3  .40  .19  .33  .00  .08  .0060.TRAVILAH           4  .15  .09  .33  .06  .20  .1660.TRAVILAH          14  .26  .21  .35  .02  .10  .0560.TRAVILAH          24  .26  .21  .35  .02  .10  .0561.BENNETT            1  .00  .00  .35  .00  .00  .6561.BENNETT            2  .13  .23  .00  .00  .00  .6461.BENNETT            3  .12  .11  .24  .24  .00  .2861.BENNETT            4  .07  .16  .08  .18  .00  .5161.BENNETT           14  .07  .09  .22  .11  .00  .5061.BENNETT           24  .11  .15  .15  .18  .00  .4242.POOLESVILLE        2  .72  .00  .28  .00  .00  .0042.POOLESVILLE        3  .79  .13  .08  .00  .00  .0042.POOLESVILLE        4  .22  .78  .00  .00  .00  .0042.POOLESVILLE       14  .67  .20  .13  .00  .00  .0042.POOLESVILLE       24  .67  .20  .13  .00  .00  .00