rep.SIMLOS (Simulated Level Of Service percentages)                    rt    A    B    C    D    E    F==============================================================00.Washington_DC      1  .02  .09  .27  .29  .21  .1100.Washington_DC      2  .06  .18  .33  .26  .14  .0300.Washington_DC      3  .08  .20  .26  .28  .14  .0400.Washington_DC      4  .01  .01  .10  .71  .16  .0100.Washington_DC     14  .04  .15  .29  .30  .16  .0600.Washington_DC     24  .06  .17  .31  .30  .14  .0302.Prince_Georges     1  .01  .04  .10  .51  .29  .0402.Prince_Georges     2  .03  .18  .34  .28  .13  .0402.Prince_Georges     3  .04  .17  .24  .30  .17  .0902.Prince_Georges     4  .04  .11  .24  .39  .14  .0802.Prince_Georges    14  .02  .10  .19  .42  .22  .0502.Prince_Georges    24  .04  .16  .29  .31  .14  .0603.Alexandria         1  .01  .03  .37  .43  .14  .0203.Alexandria         2  .16  .17  .36  .22  .06  .0203.Alexandria         3  .12  .26  .35  .10  .12  .0503.Alexandria         4  .08  .14  .14  .35  .14  .1503.Alexandria        14  .09  .14  .36  .27  .11  .0303.Alexandria        24  .14  .21  .35  .17  .09  .0404.Arlington          1  .00  .10  .20  .34  .28  .0804.Arlington          2  .05  .24  .28  .24  .12  .0704.Arlington          3  .10  .26  .35  .18  .10  .0104.Arlington          4  .12  .18  .31  .34  .00  .0404.Arlington         14  .03  .16  .24  .29  .21  .0604.Arlington         24  .07  .25  .32  .22  .10  .0405.Fairfax            1  .01  .05  .19  .33  .24  .1805.Fairfax            2  .02  .13  .24  .27  .19  .1505.Fairfax            3  .04  .14  .19  .25  .23  .1505.Fairfax            4  .04  .10  .20  .23  .20  .2305.Fairfax           14  .02  .10  .20  .29  .22  .1705.Fairfax           24  .03  .13  .21  .26  .21  .1606.Loudoun            1  .02  .76  .15  .07  .00  .0006.Loudoun            2  .02  .16  .33  .41  .05  .0306.Loudoun            3  .03  .15  .00  .18  .33  .3006.Loudoun            4  .01  .15  .33  .25  .18  .0706.Loudoun           14  .02  .19  .27  .34  .10  .0706.Loudoun           24  .02  .16  .28  .35  .11  .0807.Prince_William     1  .14  .20  .11  .31  .10  .1307.Prince_William     2  .07  .16  .29  .21  .10  .1607.Prince_William     3  .02  .27  .07  .09  .40  .1507.Prince_William     4  .04  .08  .12  .18  .34  .2407.Prince_William    14  .08  .18  .16  .22  .20  .1607.Prince_William    24  .05  .17  .19  .17  .24  .1809.Frederick          1  .14  .18  .27  .20  .14  .0709.Frederick          2  .06  .20  .22  .23  .20  .1009.Frederick          3  .11  .29  .23  .20  .07  .1009.Frederick          4  .08  .22  .17  .22  .16  .1609.Frederick         14  .11  .21  .24  .21  .15  .0809.Frederick         24  .08  .23  .22  .22  .15  .1110.Baltimore_City     1  .02  .21  .49  .28  .00  .0010.Baltimore_City     2  .08  .26  .33  .19  .09  .0510.Baltimore_City     3  .10  .28  .31  .19  .10  .0310.Baltimore_City    14  .06  .25  .38  .22  .06  .0310.Baltimore_City    24  .09  .27  .32  .19  .09  .0411.Baltimore_Co       1  .02  .07  .38  .38  .10  .0411.Baltimore_Co       2  .06  .12  .22  .30  .22  .0711.Baltimore_Co       3  .05  .11  .20  .21  .24  .1811.Baltimore_Co      14  .04  .09  .30  .32  .17  .0811.Baltimore_Co      24  .06  .12  .21  .26  .23  .1312.Harford            1  .11  .16  .46  .25  .02  .0012.Harford            2  .04  .03  .22  .19  .46  .0712.Harford            3  .04  .14  .09  .31  .29  .1212.Harford           14  .06  .11  .26  .25  .25  .0612.Harford           24  .04  .08  .15  .25  .37  .1013.Carroll            1  .00  .34  .00  .62  .02  .0213.Carroll            2  .02  .49  .42  .00  .08  .0013.Carroll            3  .03  .18  .36  .25  .15  .0313.Carroll           14  .03  .23  .31  .29  .12  .0313.Carroll           24  .03  .21  .36  .23  .14  .0314.Howard             1  .00  .08  .12  .44  .33  .0214.Howard             2  .00  .05  .08  .38  .30  .1914.Howard             3  .01  .02  .28  .33  .21  .1514.Howard            14  .01  .06  .15  .40  .29  .0914.Howard            24  .01  .03  .18  .35  .26  .1715.Anne_Arundel       1  .02  .12  .16  .27  .39  .0515.Anne_Arundel       2  .02  .10  .24  .20  .19  .2515.Anne_Arundel       3  .03  .12  .22  .21  .18  .2515.Anne_Arundel      14  .02  .11  .19  .24  .30  .1415.Anne_Arundel      24  .02  .11  .23  .20  .19  .2520.BETHESDA_CHEVY_CH  1  .00  .00  .16  .20  .31  .3220.BETHESDA_CHEVY_CH  2  .02  .25  .35  .20  .13  .0520.BETHESDA_CHEVY_CH  3  .06  .25  .27  .25  .08  .0820.BETHESDA_CHEVY_CH  4  .13  .17  .28  .16  .15  .1120.BETHESDA_CHEVY_CH 14  .02  .11  .23  .20  .23  .2120.BETHESDA_CHEVY_CH 24  .04  .24  .33  .20  .13  .0721.SILVER_SPRING      1  .00  .00  .00  .27  .73  .0021.SILVER_SPRING      2  .02  .21  .19  .20  .06  .3221.SILVER_SPRING      3  .08  .28  .21  .10  .06  .2621.SILVER_SPRING      4  .09  .14  .22  .20  .13  .2321.SILVER_SPRING     14  .03  .15  .14  .21  .27  .2021.SILVER_SPRING     24  .04  .22  .20  .18  .07  .2922.POTOMAC            1  .02  .01  .03  .04  .81  .1022.POTOMAC            2  .03  .19  .37  .14  .06  .2122.POTOMAC            3  .13  .35  .24  .10  .13  .0422.POTOMAC            4  .17  .29  .33  .20  .00  .0022.POTOMAC           14  .06  .14  .17  .09  .44  .1022.POTOMAC           24  .10  .27  .32  .14  .07  .1023.N_BETHESDA         1  .00  .06  .12  .57  .15  .1023.N_BETHESDA         2  .01  .23  .41  .22  .08  .0423.N_BETHESDA         3  .05  .32  .38  .12  .12  .0023.N_BETHESDA         4  .19  .32  .37  .13  .00  .0023.N_BETHESDA        14  .04  .23  .33  .26  .10  .0423.N_BETHESDA        24  .05  .28  .40  .17  .08  .0224.ROCKVILLE          1  .00  .00  .23  .15  .43  .1924.ROCKVILLE          2  .05  .30  .37  .17  .04  .0624.ROCKVILLE          3  .12  .55  .30  .03  .00  .0024.ROCKVILLE          4  .13  .31  .47  .09  .00  .0024.ROCKVILLE         14  .04  .18  .30  .14  .22  .1124.ROCKVILLE         24  .07  .35  .37  .14  .03  .0425.KENSINGTON_WHEATO  1  .00  .00  .00  .42  .58  .0025.KENSINGTON_WHEATO  2  .03  .36  .24  .28  .10  .0025.KENSINGTON_WHEATO  3  .18  .39  .31  .10  .02  .0025.KENSINGTON_WHEATO  4  .22  .34  .15  .04  .00  .2525.KENSINGTON_WHEATO 14  .05  .29  .19  .27  .19  .0225.KENSINGTON_WHEATO 24  .06  .36  .24  .24  .08  .0226.ASPEN_HILL         2  .05  .17  .20  .27  .07  .2426.ASPEN_HILL         3  .05  .19  .37  .18  .21  .0026.ASPEN_HILL         4  .30  .30  .39  .00  .00  .0026.ASPEN_HILL        14  .07  .19  .26  .22  .09  .1626.ASPEN_HILL        24  .07  .19  .26  .22  .09  .1627.FAIRLAND_WHITE_OA  1  .00  .00  .15  .26  .58  .0027.FAIRLAND_WHITE_OA  2  .01  .32  .38  .22  .06  .0127.FAIRLAND_WHITE_OA  3  .08  .40  .22  .12  .11  .0827.FAIRLAND_WHITE_OA  4  .17  .24  .09  .45  .00  .0527.FAIRLAND_WHITE_OA 14  .02  .22  .26  .23  .25  .0227.FAIRLAND_WHITE_OA 24  .04  .34  .32  .21  .07  .0328.CLOVERLY           2  .06  .70  .16  .07  .00  .0028.CLOVERLY           3  .02  .28  .41  .18  .10  .0028.CLOVERLY           4  .23  .14  .63  .00  .00  .0028.CLOVERLY          14  .06  .48  .31  .11  .04  .0028.CLOVERLY          24  .06  .48  .31  .11  .04  .0029.OLNEY              2  .04  .34  .25  .35  .02  .0029.OLNEY              3  .34  .24  .38  .00  .04  .0029.OLNEY              4  .11  .26  .63  .00  .00  .0029.OLNEY             14  .11  .31  .34  .23  .02  .0029.OLNEY             24  .11  .31  .34  .23  .02  .0030.GAITHERSBURG       1  .03  .08  .20  .17  .52  .0030.GAITHERSBURG       2  .07  .29  .22  .25  .12  .0530.GAITHERSBURG       3  .30  .52  .06  .08  .04  .0030.GAITHERSBURG       4  .13  .49  .18  .20  .00  .0030.GAITHERSBURG      14  .07  .21  .20  .20  .30  .0230.GAITHERSBURG      24  .10  .33  .20  .22  .11  .0431.DERWOOD_NEEDWOOD   1  .01  .29  .50  .03  .17  .0031.DERWOOD_NEEDWOOD   2  .06  .30  .42  .10  .06  .0631.DERWOOD_NEEDWOOD   3  .32  .63  .05  .00  .00  .0031.DERWOOD_NEEDWOOD   4  .05  .43  .37  .15  .00  .0031.DERWOOD_NEEDWOOD  14  .09  .37  .37  .08  .06  .0331.DERWOOD_NEEDWOOD  24  .11  .39  .34  .09  .03  .0432.MONTGOMERY_VILLAG  2  .16  .20  .31  .12  .21  .0032.MONTGOMERY_VILLAG  3  .41  .41  .04  .11  .03  .0032.MONTGOMERY_VILLAG  4  .43  .04  .36  .16  .00  .0032.MONTGOMERY_VILLAG 14  .27  .26  .22  .12  .13  .0032.MONTGOMERY_VILLAG 24  .27  .26  .22  .12  .13  .0033.NORTH_POTOMAC      1  .00  .00  .00 1.00  .00  .0033.NORTH_POTOMAC      2  .02  .15  .51  .07  .16  .0933.NORTH_POTOMAC      3  .24  .39  .38  .00  .00  .0033.NORTH_POTOMAC      4  .19  .26  .54  .00  .00  .0033.NORTH_POTOMAC     14  .10  .23  .45  .07  .09  .0533.NORTH_POTOMAC     24  .10  .24  .47  .04  .10  .0534.R_&_D_VILLAGE      1  .00  .00  .34  .51  .14  .0034.R_&_D_VILLAGE      2  .28  .43  .16  .04  .06  .0334.R_&_D_VILLAGE      3  .15  .31  .33  .08  .13  .0034.R_&_D_VILLAGE      4  .44  .56  .00  .00  .00  .0034.R_&_D_VILLAGE     14  .16  .27  .26  .19  .10  .0134.R_&_D_VILLAGE     24  .23  .39  .23  .06  .08  .0235.GERMANTOWN_WEST    1  .00  .16  .11  .44  .17  .1135.GERMANTOWN_WEST    2  .15  .27  .26  .13  .09  .1035.GERMANTOWN_WEST    3  .44  .38  .18  .00  .00  .0035.GERMANTOWN_WEST    4  .27  .73  .00  .00  .00  .0035.GERMANTOWN_WEST   14  .15  .27  .21  .19  .10  .0935.GERMANTOWN_WEST   24  .20  .31  .24  .11  .07  .0836.GERMANTOWN_EAST    1  .01  .09  .19  .20  .46  .0436.GERMANTOWN_EAST    2  .09  .36  .32  .12  .05  .0736.GERMANTOWN_EAST    3  .11  .22  .26  .42  .00  .0036.GERMANTOWN_EAST    4  .10  .51  .39  .00  .00  .0036.GERMANTOWN_EAST   14  .05  .21  .25  .18  .27  .0536.GERMANTOWN_EAST   24  .10  .35  .31  .15  .04  .0537.DAMASCUS           2  .01  .15  .00  .00  .09  .7537.DAMASCUS           3  .01  .09  .13  .29  .22  .2637.DAMASCUS           4  .14  .29  .17  .00  .40  .0037.DAMASCUS          14  .02  .13  .09  .17  .20  .3737.DAMASCUS          24  .02  .13  .09  .17  .20  .3738.PATUXENT_EAST      2  .01  .10  .43  .36  .09  .0038.PATUXENT_EAST      3  .02  .25  .64  .10  .00  .0038.PATUXENT_EAST      4  .16  .84  .00  .00  .00  .0038.PATUXENT_EAST     14  .02  .17  .50  .26  .06  .0038.PATUXENT_EAST     24  .02  .17  .50  .26  .06  .0055.PATUXENT_MID       2  .10  .14  .46  .31  .00  .0055.PATUXENT_MID       3  .23  .59  .08  .04  .00  .0555.PATUXENT_MID       4  .00  .16  .53  .26  .00  .0455.PATUXENT_MID      14  .10  .31  .35  .19  .00  .0455.PATUXENT_MID      24  .10  .31  .35  .19  .00  .0456.PATUXENT_WEST      2  .00  .16  .00  .00  .00  .8456.PATUXENT_WEST      3  .00  .00  .06  .42  .00  .5256.PATUXENT_WEST      4  .02  .04  .31  .00  .64  .0056.PATUXENT_WEST     14  .01  .07  .15  .10  .27  .4056.PATUXENT_WEST     24  .01  .07  .15  .10  .27  .4039.UPPER_ROCK_CREEK   2  .16  .47  .19  .17  .00  .0039.UPPER_ROCK_CREEK   3  .20  .31  .08  .41  .00  .0039.UPPER_ROCK_CREEK   4  .09  .39  .40  .02  .00  .0939.UPPER_ROCK_CREEK  14  .15  .38  .22  .21  .00  .0339.UPPER_ROCK_CREEK  24  .15  .38  .22  .21  .00  .0340.CLARKSBURG         1  .01  .05  .00  .29  .20  .4440.CLARKSBURG         2  .02  .17  .05  .30  .10  .3640.CLARKSBURG         3  .08  .08  .37  .18  .00  .3040.CLARKSBURG         4 1.00  .00  .00  .00  .00  .0040.CLARKSBURG        14  .03  .08  .11  .26  .13  .3940.CLARKSBURG        24  .06  .11  .25  .22  .04  .3241.GOSHEN             2  .08  .09  .31  .00  .14  .3741.GOSHEN             3  .16  .38  .04  .36  .07  .0041.GOSHEN             4  .16  .15  .69  .00  .00  .0041.GOSHEN            14  .13  .24  .23  .18  .09  .1341.GOSHEN            24  .13  .24  .23  .18  .09  .1354.DICKERSON          2  .17  .00  .58  .00  .25  .0054.DICKERSON          3  .30  .26  .06  .15  .00  .2354.DICKERSON          4 1.00  .00  .00  .00  .00  .0054.DICKERSON         14  .35  .16  .19  .09  .07  .1454.DICKERSON         24  .35  .16  .19  .09  .07  .1458.LOWER_SENECA       2  .22  .14  .00  .22  .42  .0058.LOWER_SENECA       3  .34  .03  .63  .00  .00  .0058.LOWER_SENECA       4  .45  .55  .00  .00  .00  .0058.LOWER_SENECA      14  .28  .19  .08  .15  .29  .0058.LOWER_SENECA      24  .28  .19  .08  .15  .29  .0059.DARNESTOWN         2  .16  .20  .19  .05  .39  .0059.DARNESTOWN         3  .18  .20  .08  .54  .00  .0059.DARNESTOWN         4 1.00  .00  .00  .00  .00  .0059.DARNESTOWN        14  .17  .20  .15  .22  .25  .0059.DARNESTOWN        24  .17  .20  .15  .22  .25  .0060.TRAVILAH           2  .07  .16  .38  .25  .14  .0060.TRAVILAH           3  .31  .29  .21  .11  .08  .0060.TRAVILAH           4  .17  .19  .37  .10  .17  .0060.TRAVILAH          14  .20  .22  .31  .15  .12  .0060.TRAVILAH          24  .20  .22  .31  .15  .12  .0061.BENNETT            1  .00  .00  .10  .25  .00  .6561.BENNETT            2  .14  .24  .00  .00  .62  .0061.BENNETT            3  .07  .14  .11  .36  .00  .3361.BENNETT            4  .09  .08  .24  .11  .00  .4861.BENNETT           14  .05  .09  .12  .23  .07  .4461.BENNETT           24  .09  .14  .13  .22  .11  .3242.POOLESVILLE        2  .21  .53  .25  .00  .00  .0042.POOLESVILLE        3  .55  .22  .10  .00  .00  .1342.POOLESVILLE        4  .31  .69  .00  .00  .00  .0042.POOLESVILLE       14  .42  .39  .13  .00  .00  .0742.POOLESVILLE       24  .42  .39  .13  .00  .00  .07