rep.MS Mode Choice (weighted average of summary statistics)                          AUTO1 AUTO2 AUTO3 WALK WCTR ADTR APTR AUTO_OCC =============================================================================='Dummy' 1                 0.000 0.000 0.000 0.000 0.000 0.000 0.000 0.000'00.Washington_DC' 61     0.622 0.096 0.025 0.116 0.122 0.014 0.005 1.081'02.Prince_Georges' 77    0.898 0.061 0.011 0.017 0.014 0.000 0.000 1.030'03.Alexandria'  9        0.799 0.076 0.025 0.017 0.051 0.023 0.009 1.053'04.Arlington' 15         0.733 0.088 0.032 0.028 0.088 0.023 0.009 1.071'05.Fairfax' 49           0.860 0.060 0.023 0.008 0.024 0.016 0.008 1.040'06.Loudoun' 13           0.891 0.045 0.009 0.006 0.017 0.022 0.010 1.021'07.Prince_William' 11    0.907 0.039 0.007 0.006 0.015 0.018 0.008 1.016'08.Charles' 4            0.622 0.017 0.001 0.001 0.328 0.033 0.001 0.998'09.Frederick' 22         0.937 0.028 0.003 0.004 0.010 0.012 0.006 1.006'10.Baltimore_City' 13    0.605 0.130 0.031 0.053 0.170 0.007 0.003 1.111'11.Baltimore_Co' 23      0.790 0.120 0.020 0.016 0.041 0.008 0.004 1.074'12.Harford' 6            0.875 0.094 0.011 0.006 0.014 0.000 0.000 1.047'13.Carroll' 6            0.770 0.109 0.013 0.012 0.033 0.042 0.021 1.064'14.Howard' 18            0.955 0.019 0.002 0.006 0.011 0.004 0.002 1.001'15.Anne_Arundel' 19      0.955 0.020 0.002 0.003 0.011 0.006 0.003 1.002'20.BETHESDA_CHEVY_CHAS   0.756 0.088 0.017 0.043 0.057 0.026 0.013 1.057'43.FRIENDSHIP_HEIGHTS'   0.716 0.111 0.024 0.037 0.083 0.015 0.014 1.079'44.BETHESDA_CBD' 3       0.738 0.099 0.013 0.049 0.081 0.012 0.008 1.061'62.NIH_MEDICAL CENTER'   0.765 0.081 0.010 0.027 0.075 0.025 0.015 1.046'21.SILVER_SPRING' 18     0.754 0.087 0.032 0.028 0.054 0.031 0.015 1.068'45.SILVER_SPRING_CBD'    0.607 0.116 0.021 0.026 0.203 0.017 0.010 1.092'46.TAKOMA_PARK' 2        0.747 0.086 0.028 0.033 0.067 0.026 0.012 1.065'22.POTOMAC' 17           0.804 0.067 0.018 0.023 0.026 0.050 0.012 1.043'23.N_BETHESDA' 13        0.678 0.169 0.017 0.013 0.047 0.069 0.007 1.111'47.GROSVENOR' 2          0.748 0.090 0.022 0.029 0.060 0.040 0.011 1.062'48.WHITE_FLINT' 2        0.710 0.143 0.016 0.014 0.053 0.057 0.006 1.092'49.TWINBROOK' 1          0.671 0.182 0.015 0.007 0.047 0.072 0.005 1.118'62.ROCK_SPRING_PARK' 1   0.634 0.204 0.011 0.005 0.054 0.088 0.004 1.133'24.ROCKVILLE' 21         0.761 0.080 0.021 0.018 0.061 0.032 0.028 1.055'25.KENSINGTON_WHEATON'   0.782 0.081 0.022 0.028 0.045 0.030 0.012 1.055'50.WHEATON_CBD' 4        0.742 0.103 0.030 0.020 0.057 0.030 0.018 1.077'51.FOREST_GLEN' 2        0.761 0.092 0.027 0.025 0.055 0.026 0.014 1.066'26.ASPEN_HILL' 10        0.815 0.058 0.014 0.015 0.030 0.062 0.006 1.033'27.FAIRLAND_WHITE_OAK'   0.820 0.069 0.015 0.012 0.040 0.034 0.010 1.040'28.CLOVERLY' 4           0.844 0.075 0.017 0.012 0.016 0.027 0.007 1.044'29.OLNEY' 7              0.857 0.072 0.009 0.016 0.016 0.025 0.006 1.036'30.GAITHERSBURG' 14      0.811 0.072 0.015 0.013 0.029 0.047 0.013 1.042'31.DERWOOD_NEEDWOOD' 1   0.762 0.092 0.020 0.009 0.043 0.056 0.019 1.060'52.SHADY_GROVE' 4        0.776 0.087 0.019 0.012 0.040 0.052 0.013 1.056'32.MONTGOMERY_VILLAGE'   0.776 0.091 0.022 0.006 0.041 0.052 0.012 1.060'33.NORTH_POTOMAC' 7      0.839 0.068 0.015 0.021 0.016 0.033 0.009 1.039'34.R_&_D_VILLAGE' 7      0.863 0.049 0.011 0.020 0.023 0.025 0.010 1.024'35.GERMANTOWN_WEST' 9    0.814 0.051 0.016 0.007 0.016 0.070 0.027 1.031'53.GERMANTOWN_TOWN_CEN   0.801 0.076 0.020 0.013 0.030 0.046 0.015 1.049'36.GERMANTOWN_EAST' 8    0.853 0.043 0.011 0.011 0.027 0.041 0.015 1.022'37.DAMASCUS' 2           0.850 0.073 0.009 0.007 0.027 0.026 0.009 1.037'38.PATUXENT_EAST' 5      0.889 0.048 0.010 0.007 0.013 0.027 0.007 1.023'55.PATUXENT_MID' 3       0.893 0.048 0.011 0.008 0.008 0.025 0.007 1.024'56.PATUXENT_WEST' 1      0.875 0.056 0.017 0.005 0.007 0.033 0.007 1.033'39.UPPER_ROCK_CREEK' 4   0.830 0.055 0.010 0.015 0.023 0.051 0.016 1.028'40.CLARKSBURG' 2         0.714 0.237 0.011 0.005 0.007 0.021 0.005 1.137'41.GOSHEN' 3             0.862 0.062 0.009 0.007 0.011 0.036 0.013 1.030'54.DICKERSON' 3          0.875 0.040 0.006 0.001 0.014 0.045 0.019 1.016'57.MARTINSBURG' 1        0.866 0.059 0.017 0.003 0.007 0.040 0.007 1.035'58.LOWER_SENECA' 5       0.870 0.057 0.015 0.010 0.007 0.033 0.008 1.032'59.DARNESTOWN' 4         0.867 0.064 0.014 0.015 0.012 0.023 0.005 1.035'60.TRAVILAH' 5           0.857 0.064 0.013 0.012 0.014 0.032 0.008 1.035'61.BENNETT' 3            0.883 0.066 0.010 0.004 0.007 0.024 0.006 1.033'42.POOLESVILLE' 3        0.894 0.046 0.007 0.003 0.007 0.035 0.007 1.020'99.EXTERNALS' 13         0.515 0.026 0.001 0.099 0.361 0.001 0.001 1.00701.Montgomery_County      0.752 0.098 0.017 0.020 0.060 0.040 0.014 1.076