rep.MS Mode Choice (weighted average of summary statistics)                          AUTO1 AUTO2 AUTO3 WALK WCTR ADTR APTR AUTO_OCC =============================================================================='Dummy' 1                 0.000 0.000 0.000 0.000 0.000 0.000 0.000 0.000'00.Washington_DC' 61     0.644 0.100 0.023 0.132 0.079 0.015 0.007 1.079'02.Prince_Georges' 77    0.825 0.078 0.016 0.014 0.042 0.018 0.006 1.046'03.Alexandria'  9        0.765 0.079 0.030 0.035 0.054 0.027 0.011 1.061'04.Arlington' 15         0.688 0.085 0.044 0.077 0.065 0.026 0.014 1.084'05.Fairfax' 49           0.845 0.070 0.022 0.010 0.032 0.015 0.006 1.045'06.Loudoun' 13           0.891 0.058 0.012 0.005 0.016 0.012 0.006 1.030'07.Prince_William' 11    0.881 0.054 0.011 0.003 0.027 0.016 0.008 1.027'08.Charles' 4            0.643 0.111 0.023 0.000 0.111 0.076 0.037 1.086'09.Frederick' 22         0.880 0.051 0.009 0.002 0.017 0.027 0.013 1.024'10.Baltimore_City' 13    0.651 0.096 0.021 0.059 0.169 0.003 0.001 1.074'11.Baltimore_Co' 23      0.829 0.101 0.018 0.012 0.036 0.002 0.001 1.060'12.Harford' 6            0.856 0.109 0.017 0.004 0.013 0.000 0.000 1.061'13.Carroll' 6            0.877 0.083 0.015 0.007 0.013 0.003 0.002 1.045'14.Howard' 18            0.874 0.058 0.012 0.005 0.040 0.008 0.004 1.030'15.Anne_Arundel' 19      0.891 0.052 0.011 0.004 0.030 0.008 0.004 1.025'20.BETHESDA_CHEVY_CHAS   0.674 0.103 0.023 0.054 0.102 0.027 0.017 1.078'43.FRIENDSHIP_HEIGHTS'   0.525 0.062 0.014 0.115 0.269 0.010 0.005 1.055'44.BETHESDA_CBD' 3       0.616 0.063 0.013 0.131 0.171 0.003 0.004 1.047'62.NIH_MEDICAL CENTER'   0.655 0.108 0.019 0.051 0.118 0.026 0.022 1.080'21.SILVER_SPRING' 18     0.670 0.106 0.023 0.038 0.114 0.033 0.016 1.080'45.SILVER_SPRING_CBD'    0.541 0.052 0.010 0.135 0.250 0.010 0.001 1.040'46.TAKOMA_PARK' 2        0.548 0.074 0.015 0.096 0.242 0.017 0.008 1.063'22.POTOMAC' 17           0.741 0.091 0.023 0.009 0.070 0.050 0.016 1.065'23.N_BETHESDA' 13        0.661 0.093 0.020 0.028 0.124 0.049 0.026 1.070'47.GROSVENOR' 2          0.679 0.099 0.019 0.017 0.132 0.037 0.016 1.072'48.WHITE_FLINT' 2        0.675 0.068 0.012 0.034 0.190 0.015 0.007 1.045'49.TWINBROOK' 1          0.647 0.123 0.022 0.011 0.129 0.049 0.018 1.093'62.ROCK_SPRING_PARK' 1   0.639 0.111 0.019 0.017 0.168 0.032 0.015 1.082'24.ROCKVILLE' 21         0.603 0.089 0.020 0.049 0.178 0.047 0.013 1.073'25.KENSINGTON_WHEATON'   0.704 0.103 0.025 0.015 0.106 0.037 0.011 1.076'50.WHEATON_CBD' 4        0.687 0.110 0.026 0.015 0.107 0.049 0.006 1.083'51.FOREST_GLEN' 2        0.658 0.119 0.028 0.017 0.120 0.039 0.018 1.094'26.ASPEN_HILL' 10        0.719 0.099 0.023 0.011 0.089 0.045 0.014 1.071'27.FAIRLAND_WHITE_OAK'   0.760 0.099 0.022 0.010 0.076 0.024 0.009 1.066'28.CLOVERLY' 4           0.745 0.105 0.024 0.002 0.082 0.028 0.013 1.073'29.OLNEY' 7              0.756 0.090 0.018 0.004 0.074 0.044 0.014 1.058'30.GAITHERSBURG' 14      0.691 0.096 0.024 0.020 0.106 0.048 0.015 1.072'31.DERWOOD_NEEDWOOD' 1   0.706 0.098 0.024 0.009 0.084 0.061 0.017 1.073'52.SHADY_GROVE' 4        0.725 0.120 0.022 0.013 0.073 0.031 0.015 1.082'32.MONTGOMERY_VILLAGE'   0.704 0.098 0.024 0.010 0.081 0.070 0.014 1.072'33.NORTH_POTOMAC' 7      0.756 0.085 0.022 0.008 0.058 0.050 0.021 1.059'34.R_&_D_VILLAGE' 7      0.699 0.095 0.024 0.023 0.123 0.024 0.011 1.071'35.GERMANTOWN_WEST' 9    0.708 0.087 0.020 0.005 0.106 0.054 0.020 1.061'53.GERMANTOWN_TOWN_CEN   0.641 0.083 0.019 0.005 0.182 0.056 0.014 1.065'36.GERMANTOWN_EAST' 8    0.740 0.096 0.023 0.007 0.077 0.041 0.016 1.067'37.DAMASCUS' 2           0.760 0.119 0.017 0.001 0.048 0.046 0.009 1.074'38.PATUXENT_EAST' 5      0.737 0.096 0.019 0.003 0.102 0.029 0.014 1.064'55.PATUXENT_MID' 3       0.748 0.103 0.017 0.001 0.081 0.034 0.016 1.066'56.PATUXENT_WEST' 1      0.742 0.102 0.012 0.003 0.091 0.034 0.016 1.061'39.UPPER_ROCK_CREEK' 4   0.701 0.096 0.022 0.007 0.086 0.067 0.021 1.070'40.CLARKSBURG' 2         0.764 0.095 0.017 0.002 0.047 0.059 0.017 1.059'41.GOSHEN' 3             0.777 0.099 0.013 0.001 0.043 0.052 0.015 1.058'54.DICKERSON' 3          0.715 0.104 0.016 0.000 0.099 0.044 0.021 1.068'57.MARTINSBURG' 1        0.736 0.138 0.028 0.000 0.049 0.033 0.016 1.095'58.LOWER_SENECA' 5       0.729 0.127 0.027 0.001 0.071 0.028 0.017 1.089'59.DARNESTOWN' 4         0.755 0.092 0.026 0.004 0.066 0.046 0.012 1.066'60.TRAVILAH' 5           0.755 0.089 0.021 0.003 0.067 0.047 0.017 1.060'61.BENNETT' 3            0.786 0.094 0.012 0.001 0.046 0.049 0.012 1.053'42.POOLESVILLE' 3        0.750 0.108 0.021 0.001 0.054 0.052 0.014 1.071'99.EXTERNALS' 13         0.758 0.075 0.014 0.018 0.077 0.040 0.018 1.04601.Montgomery_County      0.698 0.095 0.022 0.025 0.106 0.041 0.014 1.083