MONTGOMERY COUNTY    14  .05  .22  .26  .18  .15  .14MONTGOMERY COUNTY    14  .06  .23  .25  .19  .15  .14MONTGOMERY COUNTY    14  .06  .23  .25  .18  .14  .14MONTGOMERY COUNTY    14  .06  .23  .26  .18  .17  .12MONTGOMERY COUNTY    14  .06  .23  .25  .18  .16  .12MONTGOMERY COUNTY    14  .05  .23  .24  .15  .21  .11MONTGOMERY COUNTY    14  .06  .23  .25  .16  .19  .11MONTGOMERY COUNTY    14  .06  .23  .26  .16  .19  .10MONTGOMERY COUNTY    14  .06  .23  .26  .17  .19  .10MONTGOMERY COUNTY    14  .06  .23  .27  .15  .19  .10MONTGOMERY COUNTY    14  .06  .23  .26  .16  .19  .10MONTGOMERY COUNTY    14  .06  .22  .26  .16  .19  .11