rep.SIMLOS (Simulated Level Of Service percentages)                    rt    A    B    C    D    E    F==============================================================00.Washington_DC      1  .02  .07  .24  .29  .22  .1700.Washington_DC      2  .04  .16  .27  .30  .18  .0500.Washington_DC      3  .06  .20  .24  .30  .14  .0700.Washington_DC      4  .01  .01  .10  .71  .16  .0000.Washington_DC     14  .03  .12  .25  .31  .19  .0900.Washington_DC     24  .04  .15  .26  .33  .17  .0502.Prince_Georges     1  .01  .03  .08  .37  .42  .0902.Prince_Georges     2  .03  .14  .30  .28  .17  .0802.Prince_Georges     3  .04  .11  .22  .29  .20  .1602.Prince_Georges     4  .03  .06  .23  .41  .16  .1102.Prince_Georges    14  .02  .07  .16  .34  .31  .1002.Prince_Georges    24  .03  .11  .26  .31  .18  .1103.Alexandria         1  .01  .03  .05  .72  .15  .0503.Alexandria         2  .11  .20  .22  .30  .12  .0603.Alexandria         3  .06  .22  .29  .24  .11  .0703.Alexandria         4  .05  .14  .15  .05  .46  .1503.Alexandria        14  .05  .14  .17  .44  .13  .0603.Alexandria        24  .08  .21  .25  .27  .12  .0704.Arlington          1  .01  .07  .14  .34  .21  .2404.Arlington          2  .05  .18  .25  .27  .19  .0604.Arlington          3  .08  .18  .26  .35  .09  .0504.Arlington          4  .08  .13  .41  .26  .07  .0504.Arlington         14  .03  .11  .19  .32  .18  .1604.Arlington         24  .06  .18  .26  .31  .14  .0605.Fairfax            1  .00  .03  .10  .40  .26  .2105.Fairfax            2  .01  .09  .19  .30  .23  .1805.Fairfax            3  .02  .10  .18  .25  .24  .2105.Fairfax            4  .02  .09  .19  .28  .22  .2105.Fairfax           14  .01  .07  .15  .32  .24  .2005.Fairfax           24  .02  .09  .18  .27  .23  .2006.Loudoun            1  .02  .77  .13  .08  .00  .0006.Loudoun            2  .02  .08  .35  .22  .30  .0406.Loudoun            3  .03  .14  .03  .12  .38  .3006.Loudoun            4  .01  .12  .05  .56  .19  .0806.Loudoun           14  .02  .13  .25  .24  .28  .0806.Loudoun           24  .02  .09  .26  .25  .29  .0807.Prince_William     1  .10  .04  .26  .38  .09  .1207.Prince_William     2  .07  .13  .26  .16  .14  .2407.Prince_William     3  .01  .09  .30  .04  .45  .1207.Prince_William     4  .04  .05  .12  .31  .26  .2307.Prince_William    14  .06  .08  .25  .23  .20  .1707.Prince_William    24  .05  .10  .24  .16  .26  .2009.Frederick          1  .13  .21  .22  .21  .21  .0209.Frederick          2  .06  .19  .25  .22  .20  .0709.Frederick          3  .14  .24  .29  .17  .15  .0109.Frederick          4  .08  .12  .27  .26  .24  .0309.Frederick         14  .11  .20  .24  .21  .20  .0309.Frederick         24  .09  .19  .27  .21  .19  .0510.Baltimore_City     1  .00  .17  .49  .22  .11  .0010.Baltimore_City     2  .05  .18  .28  .24  .14  .1110.Baltimore_City     3  .06  .16  .26  .26  .15  .1110.Baltimore_City    14  .04  .17  .34  .24  .14  .0710.Baltimore_City    24  .06  .17  .27  .25  .15  .1111.Baltimore_Co       1  .02  .06  .29  .40  .18  .0511.Baltimore_Co       2  .04  .08  .20  .28  .20  .2011.Baltimore_Co       3  .02  .08  .15  .22  .22  .2911.Baltimore_Co      14  .03  .07  .23  .32  .20  .1511.Baltimore_Co      24  .04  .08  .18  .25  .21  .2412.Harford            1  .11  .15  .18  .53  .02  .0212.Harford            2  .05  .03  .08  .24  .26  .3412.Harford            3  .05  .09  .10  .14  .37  .2512.Harford           14  .07  .09  .12  .30  .22  .2112.Harford           24  .05  .06  .09  .19  .32  .3013.Carroll            1  .00  .28  .67  .01  .00  .0313.Carroll            2  .02  .46  .42  .03  .08  .0013.Carroll            3  .01  .23  .22  .28  .20  .0613.Carroll           14  .01  .26  .30  .22  .16  .0513.Carroll           24  .01  .26  .24  .25  .19  .0514.Howard             1  .00  .10  .12  .30  .44  .0514.Howard             2  .02  .01  .07  .31  .27  .3114.Howard             3  .01  .04  .24  .30  .19  .2214.Howard            14  .01  .06  .14  .30  .33  .1514.Howard            24  .01  .03  .16  .31  .23  .2615.Anne_Arundel       1  .02  .05  .24  .21  .44  .0515.Anne_Arundel       2  .02  .09  .18  .21  .26  .2315.Anne_Arundel       3  .04  .09  .16  .25  .18  .2915.Anne_Arundel      14  .02  .07  .21  .22  .34  .1415.Anne_Arundel      24  .03  .09  .17  .23  .23  .2520.BETHESDA_CHEVY_CH  1  .00  .03  .14  .23  .27  .3320.BETHESDA_CHEVY_CH  2  .01  .13  .37  .19  .13  .1720.BETHESDA_CHEVY_CH  3  .06  .27  .27  .18  .08  .1420.BETHESDA_CHEVY_CH  4  .10  .15  .30  .20  .14  .1020.BETHESDA_CHEVY_CH 14  .02  .09  .24  .21  .20  .2520.BETHESDA_CHEVY_CH 24  .03  .16  .34  .19  .12  .1521.SILVER_SPRING      1  .00  .00  .03  .24  .73  .0021.SILVER_SPRING      2  .02  .17  .23  .19  .07  .3321.SILVER_SPRING      3  .13  .25  .19  .06  .02  .3521.SILVER_SPRING      4  .09  .16  .29  .07  .09  .3021.SILVER_SPRING     14  .04  .13  .17  .17  .26  .2321.SILVER_SPRING     24  .05  .18  .23  .15  .06  .3322.POTOMAC            1  .02  .01  .01  .07  .72  .1722.POTOMAC            2  .02  .13  .36  .19  .11  .2022.POTOMAC            3  .15  .38  .24  .10  .04  .1022.POTOMAC            4  .12  .30  .32  .17  .00  .0822.POTOMAC           14  .05  .13  .16  .11  .39  .1522.POTOMAC           24  .09  .25  .31  .16  .06  .1323.N_BETHESDA         1  .00  .06  .00  .24  .44  .2623.N_BETHESDA         2  .00  .16  .40  .32  .08  .0423.N_BETHESDA         3  .03  .24  .31  .27  .08  .0723.N_BETHESDA         4  .13  .32  .23  .26  .05  .0023.N_BETHESDA        14  .02  .17  .26  .28  .16  .1023.N_BETHESDA        24  .03  .21  .34  .29  .08  .0524.ROCKVILLE          1  .00  .00  .09  .30  .42  .1824.ROCKVILLE          2  .05  .22  .30  .31  .06  .0724.ROCKVILLE          3  .09  .35  .54  .02  .00  .0024.ROCKVILLE          4  .07  .29  .51  .04  .09  .0024.ROCKVILLE         14  .03  .13  .24  .26  .23  .1124.ROCKVILLE         24  .06  .25  .37  .22  .05  .0525.KENSINGTON_WHEATO  1  .00  .00  .00  .43  .57  .0025.KENSINGTON_WHEATO  2  .02  .23  .33  .25  .14  .0325.KENSINGTON_WHEATO  3  .13  .37  .36  .14  .00  .0025.KENSINGTON_WHEATO  4  .17  .32  .17  .08  .00  .2625.KENSINGTON_WHEATO 14  .04  .21  .26  .26  .19  .0425.KENSINGTON_WHEATO 24  .04  .26  .32  .22  .11  .0526.ASPEN_HILL         2  .02  .13  .23  .18  .17  .2726.ASPEN_HILL         3  .06  .13  .26  .45  .08  .0326.ASPEN_HILL         4  .22  .37  .41  .00  .00  .0026.ASPEN_HILL        14  .05  .16  .26  .22  .13  .1826.ASPEN_HILL        24  .05  .16  .26  .22  .13  .1827.FAIRLAND_WHITE_OA  1  .00  .00  .00  .42  .58  .0027.FAIRLAND_WHITE_OA  2  .00  .19  .32  .33  .12  .0427.FAIRLAND_WHITE_OA  3  .08  .32  .24  .15  .10  .1027.FAIRLAND_WHITE_OA  4  .14  .14  .21  .31  .15  .0527.FAIRLAND_WHITE_OA 14  .02  .15  .19  .33  .28  .0427.FAIRLAND_WHITE_OA 24  .03  .22  .29  .28  .12  .0528.CLOVERLY           2  .00  .36  .39  .23  .02  .0028.CLOVERLY           3  .03  .18  .35  .32  .06  .0628.CLOVERLY           4  .20  .17  .64  .00  .00  .0028.CLOVERLY          14  .03  .28  .39  .25  .03  .0228.CLOVERLY          24  .03  .28  .39  .25  .03  .0229.OLNEY              2  .03  .27  .27  .36  .06  .0029.OLNEY              3  .23  .25  .38  .04  .03  .0729.OLNEY              4  .29  .71  .00  .00  .00  .0029.OLNEY             14  .10  .32  .26  .26  .05  .0129.OLNEY             24  .10  .32  .26  .26  .05  .0130.GAITHERSBURG       1  .03  .11  .16  .16  .54  .0030.GAITHERSBURG       2  .05  .26  .29  .21  .13  .0630.GAITHERSBURG       3  .23  .42  .18  .03  .00  .1430.GAITHERSBURG       4  .16  .68  .00  .16  .00  .0030.GAITHERSBURG      14  .06  .21  .22  .17  .30  .0430.GAITHERSBURG      24  .08  .29  .26  .18  .11  .0731.DERWOOD_NEEDWOOD   1  .01  .11  .35  .39  .15  .0031.DERWOOD_NEEDWOOD   2  .05  .14  .29  .34  .04  .1531.DERWOOD_NEEDWOOD   3  .25  .44  .30  .00  .00  .0031.DERWOOD_NEEDWOOD   4  .02  .24  .32  .26  .14  .0031.DERWOOD_NEEDWOOD  14  .06  .19  .31  .29  .07  .0831.DERWOOD_NEEDWOOD  24  .08  .21  .30  .26  .05  .1032.MONTGOMERY_VILLAG  2  .07  .30  .30  .15  .02  .1732.MONTGOMERY_VILLAG  3  .32  .45  .08  .03  .00  .1232.MONTGOMERY_VILLAG  4  .28  .38  .17  .00  .17  .0032.MONTGOMERY_VILLAG 14  .17  .36  .21  .10  .02  .1432.MONTGOMERY_VILLAG 24  .17  .36  .21  .10  .02  .1433.NORTH_POTOMAC      1  .00  .00  .00 1.00  .00  .0033.NORTH_POTOMAC      2  .02  .17  .10  .44  .14  .1333.NORTH_POTOMAC      3  .24  .50  .20  .07  .00  .0033.NORTH_POTOMAC      4  .18  .26  .27  .29  .00  .0033.NORTH_POTOMAC     14  .09  .27  .14  .34  .08  .0833.NORTH_POTOMAC     24  .10  .28  .14  .32  .08  .0834.R_&_D_VILLAGE      1  .00  .00  .37  .49  .14  .0034.R_&_D_VILLAGE      2  .30  .39  .20  .08  .00  .0334.R_&_D_VILLAGE      3  .19  .27  .41  .13  .00  .0034.R_&_D_VILLAGE      4  .34  .66  .00  .00  .00  .0034.R_&_D_VILLAGE     14  .17  .24  .31  .23  .05  .0134.R_&_D_VILLAGE     24  .26  .35  .27  .10  .00  .0235.GERMANTOWN_WEST    1  .09  .08  .06  .47  .30  .0035.GERMANTOWN_WEST    2  .13  .29  .22  .16  .15  .0535.GERMANTOWN_WEST    3  .57  .11  .09  .23  .00  .0035.GERMANTOWN_WEST    4  .63  .37  .00  .00  .00  .0035.GERMANTOWN_WEST   14  .18  .23  .16  .23  .17  .0335.GERMANTOWN_WEST   24  .20  .27  .20  .16  .13  .0436.GERMANTOWN_EAST    1  .06  .03  .18  .21  .52  .0036.GERMANTOWN_EAST    2  .08  .36  .35  .15  .00  .0636.GERMANTOWN_EAST    3  .24  .47  .28  .00  .00  .0036.GERMANTOWN_EAST    4  .06  .26  .45  .23  .00  .0036.GERMANTOWN_EAST   14  .08  .18  .26  .18  .28  .0236.GERMANTOWN_EAST   24  .09  .35  .36  .15  .00  .0537.DAMASCUS           2  .04  .00  .20  .39  .21  .1637.DAMASCUS           3  .04  .11  .11  .41  .08  .2437.DAMASCUS           4  .45  .00  .00  .55  .00  .0037.DAMASCUS          14  .07  .07  .13  .42  .12  .2037.DAMASCUS          24  .07  .07  .13  .42  .12  .2038.PATUXENT_EAST      2  .02  .05  .49  .33  .11  .0038.PATUXENT_EAST      3  .09  .52  .39  .00  .00  .0038.PATUXENT_EAST      4  .35  .65  .00  .00  .00  .0038.PATUXENT_EAST     14  .04  .21  .45  .22  .08  .0038.PATUXENT_EAST     24  .04  .21  .45  .22  .08  .0055.PATUXENT_MID       2  .10  .13  .41  .36  .00  .0055.PATUXENT_MID       3  .18  .25  .45  .08  .05  .0055.PATUXENT_MID       4  .01  .41  .34  .23  .00  .0055.PATUXENT_MID      14  .10  .28  .40  .20  .02  .0055.PATUXENT_MID      24  .10  .28  .40  .20  .02  .0056.PATUXENT_WEST      2  .12  .00  .00  .00  .88  .0056.PATUXENT_WEST      3  .00  .00  .06  .43  .00  .5156.PATUXENT_WEST      4  .16  .00  .00  .84  .00  .0056.PATUXENT_WEST     14  .10  .00  .02  .41  .32  .1556.PATUXENT_WEST     24  .10  .00  .02  .41  .32  .1539.UPPER_ROCK_CREEK   2  .11  .31  .44  .14  .00  .0039.UPPER_ROCK_CREEK   3  .09  .36  .19  .18  .18  .0039.UPPER_ROCK_CREEK   4  .07  .24  .35  .34  .00  .0039.UPPER_ROCK_CREEK  14  .09  .31  .32  .22  .07  .0039.UPPER_ROCK_CREEK  24  .09  .31  .32  .22  .07  .0040.CLARKSBURG         1  .05  .17  .00  .06  .23  .4940.CLARKSBURG         2  .11  .18  .05  .23  .00  .4340.CLARKSBURG         3  .14  .33  .20  .00  .12  .2240.CLARKSBURG         4 1.00  .00  .00  .00  .00  .0040.CLARKSBURG        14  .09  .21  .06  .07  .16  .4040.CLARKSBURG        24  .13  .27  .14  .09  .07  .3041.GOSHEN             2  .14  .27  .00  .16  .15  .2841.GOSHEN             3  .13  .28  .25  .07  .27  .0041.GOSHEN             4  .11  .08  .22  .34  .25  .0041.GOSHEN            14  .13  .24  .17  .15  .23  .0841.GOSHEN            24  .13  .24  .17  .15  .23  .0854.DICKERSON          2  .09  .07  .56  .27  .00  .0054.DICKERSON          3  .29  .05  .44  .00  .00  .2354.DICKERSON          4 1.00  .00  .00  .00  .00  .0054.DICKERSON         14  .29  .05  .44  .07  .00  .1554.DICKERSON         24  .29  .05  .44  .07  .00  .1558.LOWER_SENECA       2  .19  .17  .00  .65  .00  .0058.LOWER_SENECA       3  .32  .05  .63  .00  .00  .0058.LOWER_SENECA       4  .86  .14  .00  .00  .00  .0058.LOWER_SENECA      14  .33  .14  .11  .42  .00  .0058.LOWER_SENECA      24  .33  .14  .11  .42  .00  .0059.DARNESTOWN         2  .20  .09  .25  .25  .07  .1559.DARNESTOWN         3  .28  .09  .18  .00  .44  .0059.DARNESTOWN         4 1.00  .00  .00  .00  .00  .0059.DARNESTOWN        14  .23  .09  .22  .16  .20  .1059.DARNESTOWN        24  .23  .09  .22  .16  .20  .1060.TRAVILAH           2  .07  .16  .38  .39  .00  .0060.TRAVILAH           3  .29  .41  .24  .06  .00  .0060.TRAVILAH           4  .16  .26  .11  .32  .14  .0060.TRAVILAH          14  .19  .30  .23  .23  .05  .0060.TRAVILAH          24  .19  .30  .23  .23  .05  .0061.BENNETT            1  .00  .18  .09  .00  .00  .7361.BENNETT            2  .21  .00  .00  .00  .79  .0061.BENNETT            3  .15  .27  .16  .09  .00  .3261.BENNETT            4  .07  .30  .10  .00  .39  .1361.BENNETT           14  .09  .21  .10  .03  .16  .4161.BENNETT           24  .14  .23  .11  .04  .27  .2042.POOLESVILLE        2  .64  .00  .36  .00  .00  .0042.POOLESVILLE        3  .54  .46  .00  .00  .00  .0042.POOLESVILLE        4  .26  .74  .00  .00  .00  .0042.POOLESVILLE       14  .53  .36  .11  .00  .00  .0042.POOLESVILLE       24  .53  .36  .11  .00  .00  .00