rep.SIMLOS (Simulated Level Of Service percentages)                    rt    A    B    C    D    E    F==============================================================00.Washington_DC      1  .03  .07  .24  .32  .25  .0900.Washington_DC      2  .05  .17  .33  .30  .13  .0200.Washington_DC      3  .09  .19  .31  .24  .12  .0400.Washington_DC      4  .19  .31  .11  .31  .09  .0100.Washington_DC     14  .05  .14  .30  .30  .17  .0400.Washington_DC     24  .06  .17  .33  .29  .13  .0202.Prince_Georges     1  .01  .02  .08  .58  .23  .0802.Prince_Georges     2  .03  .17  .22  .36  .20  .0202.Prince_Georges     3  .03  .17  .24  .31  .15  .1002.Prince_Georges     4  .03  .14  .28  .30  .15  .1002.Prince_Georges    14  .02  .09  .15  .47  .20  .0702.Prince_Georges    24  .03  .17  .24  .33  .18  .0603.Alexandria         1  .01  .04  .31  .48  .11  .0503.Alexandria         2  .12  .28  .20  .17  .12  .1003.Alexandria         3  .12  .29  .29  .18  .05  .0603.Alexandria         4  .10  .17  .25  .25  .00  .2403.Alexandria        14  .07  .18  .27  .30  .10  .0703.Alexandria        24  .12  .28  .25  .18  .09  .0804.Arlington          1  .01  .07  .11  .43  .24  .1404.Arlington          2  .05  .18  .30  .35  .10  .0304.Arlington          3  .10  .24  .32  .24  .09  .0104.Arlington          4  .22  .28  .33  .11  .01  .0404.Arlington         14  .04  .13  .20  .37  .17  .0904.Arlington         24  .07  .21  .31  .30  .09  .0205.Fairfax            1  .01  .04  .17  .36  .18  .2405.Fairfax            2  .01  .10  .19  .31  .28  .1005.Fairfax            3  .02  .10  .22  .29  .21  .1505.Fairfax            4  .03  .09  .20  .22  .26  .2005.Fairfax           14  .01  .07  .19  .32  .22  .1805.Fairfax           24  .02  .10  .21  .29  .24  .1406.Loudoun            1  .03  .97  .00  .00  .00  .0006.Loudoun            2  .02  .13  .23  .43  .10  .0906.Loudoun            3  .00  .09  .15  .46  .13  .1706.Loudoun            4  .05  .09  .26  .43  .15  .0206.Loudoun           14  .02  .16  .19  .41  .12  .1006.Loudoun           24  .02  .10  .21  .44  .12  .1007.Prince_William     1  .15  .20  .28  .13  .11  .1407.Prince_William     2  .21  .23  .38  .08  .00  .0907.Prince_William     3  .04  .10  .13  .20  .17  .3607.Prince_William     4  .03  .09  .22  .14  .21  .3207.Prince_William    14  .09  .14  .23  .15  .15  .2407.Prince_William    24  .05  .11  .20  .16  .17  .3109.Frederick          1  .15  .26  .18  .21  .14  .0609.Frederick          2  .07  .25  .21  .26  .17  .0409.Frederick          3  .20  .27  .19  .20  .08  .0609.Frederick          4  .08  .27  .18  .25  .20  .0309.Frederick         14  .13  .26  .19  .22  .14  .0609.Frederick         24  .11  .26  .20  .24  .14  .0510.Baltimore_City     1  .02  .18  .50  .30  .00  .0010.Baltimore_City     2  .10  .25  .32  .21  .07  .0510.Baltimore_City     3  .10  .27  .30  .20  .10  .0310.Baltimore_City    14  .07  .23  .38  .24  .05  .0310.Baltimore_City    24  .10  .26  .32  .20  .08  .0411.Baltimore_Co       1  .02  .06  .38  .42  .08  .0411.Baltimore_Co       2  .05  .12  .24  .28  .23  .0711.Baltimore_Co       3  .04  .10  .21  .19  .28  .1811.Baltimore_Co      14  .04  .09  .30  .33  .16  .0811.Baltimore_Co      24  .05  .11  .22  .24  .26  .1212.Harford            1  .07  .20  .46  .25  .02  .0012.Harford            2  .04  .04  .20  .19  .51  .0212.Harford            3  .03  .18  .06  .33  .22  .1812.Harford           14  .05  .14  .24  .26  .24  .0712.Harford           24  .04  .12  .12  .26  .36  .1013.Carroll            1  .00  .32  .64  .01  .00  .0213.Carroll            2  .02  .53  .37  .00  .08  .0013.Carroll            3  .02  .21  .27  .31  .15  .0313.Carroll           14  .02  .25  .34  .24  .12  .0313.Carroll           24  .02  .24  .28  .28  .15  .0314.Howard             1  .00  .07  .18  .35  .38  .0214.Howard             2  .01  .03  .10  .36  .31  .1914.Howard             3  .02  .04  .22  .38  .22  .1314.Howard            14  .01  .05  .17  .36  .32  .0914.Howard            24  .02  .03  .16  .37  .26  .1515.Anne_Arundel       1  .02  .05  .22  .30  .36  .0515.Anne_Arundel       2  .03  .09  .25  .22  .18  .2215.Anne_Arundel       3  .04  .11  .22  .18  .18  .2615.Anne_Arundel      14  .03  .07  .23  .26  .28  .1315.Anne_Arundel      24  .04  .10  .24  .21  .18  .2420.BETHESDA_CHEVY_CH  1  .00  .02  .19  .21  .23  .3520.BETHESDA_CHEVY_CH  2  .03  .23  .38  .23  .10  .0220.BETHESDA_CHEVY_CH  3  .07  .29  .28  .17  .08  .1120.BETHESDA_CHEVY_CH  4  .09  .31  .24  .27  .03  .0620.BETHESDA_CHEVY_CH 14  .02  .13  .26  .21  .16  .2120.BETHESDA_CHEVY_CH 24  .05  .25  .34  .23  .09  .0521.SILVER_SPRING      1  .00  .00  .00  .27  .73  .0021.SILVER_SPRING      2  .02  .20  .24  .14  .06  .3321.SILVER_SPRING      3  .14  .33  .18  .00  .08  .2721.SILVER_SPRING      4  .11  .24  .30  .11  .08  .1621.SILVER_SPRING     14  .04  .16  .16  .16  .28  .2021.SILVER_SPRING     24  .05  .23  .24  .11  .07  .3022.POTOMAC            1  .01  .02  .04  .59  .07  .2622.POTOMAC            2  .03  .22  .33  .20  .04  .1822.POTOMAC            3  .15  .25  .36  .13  .08  .0422.POTOMAC            4  .14  .27  .23  .36  .00  .0022.POTOMAC           14  .06  .14  .19  .39  .05  .1722.POTOMAC           24  .10  .24  .32  .22  .04  .0923.N_BETHESDA         1  .00  .07  .13  .08  .09  .6423.N_BETHESDA         2  .00  .24  .48  .22  .05  .0023.N_BETHESDA         3  .09  .32  .33  .13  .13  .0023.N_BETHESDA         4  .20  .36  .31  .13  .00  .0023.N_BETHESDA        14  .05  .24  .34  .15  .08  .1523.N_BETHESDA        24  .06  .29  .40  .17  .08  .0024.ROCKVILLE          1  .01  .00  .24  .35  .36  .0424.ROCKVILLE          2  .03  .28  .40  .14  .08  .0724.ROCKVILLE          3  .09  .56  .35  .00  .00  .0024.ROCKVILLE          4  .18  .43  .33  .06  .00  .0024.ROCKVILLE         14  .03  .18  .31  .23  .21  .0424.ROCKVILLE         24  .06  .34  .38  .11  .06  .0525.KENSINGTON_WHEATO  1  .00  .00  .00  .41  .59  .0025.KENSINGTON_WHEATO  2  .02  .28  .28  .24  .16  .0225.KENSINGTON_WHEATO  3  .19  .46  .33  .02  .00  .0025.KENSINGTON_WHEATO  4  .23  .37  .08  .14  .00  .1725.KENSINGTON_WHEATO 14  .05  .24  .22  .25  .22  .0225.KENSINGTON_WHEATO 24  .06  .31  .27  .20  .13  .0326.ASPEN_HILL         2  .05  .17  .28  .21  .09  .2126.ASPEN_HILL         3  .03  .24  .31  .28  .14  .0026.ASPEN_HILL         4  .34  .46  .21  .00  .00  .0026.ASPEN_HILL        14  .07  .22  .28  .20  .09  .1426.ASPEN_HILL        24  .07  .22  .28  .20  .09  .1427.FAIRLAND_WHITE_OA  1  .00  .00  .00  .43  .57  .0027.FAIRLAND_WHITE_OA  2  .00  .30  .36  .30  .04  .0127.FAIRLAND_WHITE_OA  3  .07  .43  .21  .13  .15  .0027.FAIRLAND_WHITE_OA  4  .28  .33  .15  .24  .00  .0027.FAIRLAND_WHITE_OA 14  .02  .21  .19  .32  .25  .0027.FAIRLAND_WHITE_OA 24  .03  .33  .31  .25  .06  .0128.CLOVERLY           2  .00  .17  .33  .30  .14  .0628.CLOVERLY           3  .08  .41  .33  .18  .00  .0028.CLOVERLY           4  .19  .14  .66  .00  .00  .0028.CLOVERLY          14  .06  .27  .37  .21  .06  .0328.CLOVERLY          24  .06  .27  .37  .21  .06  .0329.OLNEY              2  .02  .28  .23  .24  .23  .0029.OLNEY              3  .33  .27  .34  .06  .00  .0029.OLNEY              4  .12  .69  .19  .00  .00  .0029.OLNEY             14  .10  .34  .25  .17  .15  .0029.OLNEY             24  .10  .34  .25  .17  .15  .0030.GAITHERSBURG       1  .04  .10  .17  .24  .46  .0030.GAITHERSBURG       2  .09  .23  .32  .22  .11  .0430.GAITHERSBURG       3  .36  .36  .06  .00  .07  .1530.GAITHERSBURG       4  .24  .41  .35  .00  .00  .0030.GAITHERSBURG      14  .08  .17  .23  .21  .28  .0330.GAITHERSBURG      24  .13  .25  .28  .19  .10  .0631.DERWOOD_NEEDWOOD   1  .02  .29  .49  .03  .17  .0031.DERWOOD_NEEDWOOD   2  .07  .27  .35  .09  .14  .0731.DERWOOD_NEEDWOOD   3  .35  .58  .07  .00  .00  .0031.DERWOOD_NEEDWOOD   4  .08  .28  .37  .27  .00  .0031.DERWOOD_NEEDWOOD  14  .10  .32  .35  .09  .11  .0431.DERWOOD_NEEDWOOD  24  .12  .33  .31  .11  .09  .0532.MONTGOMERY_VILLAG  2  .10  .30  .17  .11  .14  .1832.MONTGOMERY_VILLAG  3  .25  .35  .23  .07  .00  .0932.MONTGOMERY_VILLAG  4  .36  .13  .24  .27  .00  .0032.MONTGOMERY_VILLAG 14  .18  .31  .20  .11  .08  .1332.MONTGOMERY_VILLAG 24  .18  .31  .20  .11  .08  .1333.NORTH_POTOMAC      2  .02  .16  .25  .25  .25  .0733.NORTH_POTOMAC      3  .17  .42  .41  .00  .00  .0033.NORTH_POTOMAC      4  .29  .41  .30  .00  .00  .0033.NORTH_POTOMAC     14  .07  .23  .29  .18  .18  .0533.NORTH_POTOMAC     24  .07  .23  .29  .18  .18  .0534.R_&_D_VILLAGE      1  .00  .00  .37  .49  .14  .0034.R_&_D_VILLAGE      2  .28  .47  .16  .06  .00  .0334.R_&_D_VILLAGE      3  .14  .31  .42  .13  .00  .0034.R_&_D_VILLAGE      4  .51  .00  .49  .00  .00  .0034.R_&_D_VILLAGE     14  .15  .25  .31  .23  .05  .0134.R_&_D_VILLAGE     24  .23  .39  .28  .09  .00  .0235.GERMANTOWN_WEST    1  .00  .20  .06  .20  .12  .4235.GERMANTOWN_WEST    2  .18  .22  .37  .07  .11  .0335.GERMANTOWN_WEST    3  .49  .24  .22  .05  .00  .0035.GERMANTOWN_WEST    4  .55  .36  .09  .00  .00  .0035.GERMANTOWN_WEST   14  .18  .22  .26  .10  .10  .1435.GERMANTOWN_WEST   24  .25  .23  .34  .07  .09  .0336.GERMANTOWN_EAST    1  .00  .11  .17  .08  .36  .2836.GERMANTOWN_EAST    2  .04  .18  .25  .31  .07  .1536.GERMANTOWN_EAST    3  .06  .15  .16  .08  .25  .3036.GERMANTOWN_EAST    4  .22  .52  .05  .22  .00  .0036.GERMANTOWN_EAST   14  .03  .16  .19  .16  .24  .2336.GERMANTOWN_EAST   24  .06  .22  .21  .25  .10  .1737.DAMASCUS           2  .05  .00  .16  .09  .56  .1537.DAMASCUS           3  .01  .11  .20  .16  .29  .2337.DAMASCUS           4  .13  .43  .00  .00  .44  .0037.DAMASCUS          14  .04  .11  .17  .12  .38  .1937.DAMASCUS          24  .04  .11  .17  .12  .38  .1938.PATUXENT_EAST      2  .01  .15  .37  .37  .10  .0038.PATUXENT_EAST      3  .04  .30  .64  .02  .00  .0038.PATUXENT_EAST      4  .72  .28  .00  .00  .00  .0038.PATUXENT_EAST     14  .03  .20  .47  .24  .06  .0038.PATUXENT_EAST     24  .03  .20  .47  .24  .06  .0055.PATUXENT_MID       2  .10  .14  .46  .30  .00  .0055.PATUXENT_MID       3  .15  .49  .27  .04  .00  .0655.PATUXENT_MID       4  .00  .25  .43  .32  .00  .0055.PATUXENT_MID      14  .07  .31  .38  .21  .00  .0255.PATUXENT_MID      24  .07  .31  .38  .21  .00  .0256.PATUXENT_WEST      2  .09  .08  .00  .00  .43  .4056.PATUXENT_WEST      3  .00  .00  .06  .42  .00  .5256.PATUXENT_WEST      4  .03  .32  .00  .00  .65  .0056.PATUXENT_WEST     14  .04  .16  .01  .11  .42  .2656.PATUXENT_WEST     24  .04  .16  .01  .11  .42  .2639.UPPER_ROCK_CREEK   2  .16  .41  .43  .00  .00  .0039.UPPER_ROCK_CREEK   3  .13  .41  .07  .39  .00  .0039.UPPER_ROCK_CREEK   4  .09  .24  .59  .06  .03  .0039.UPPER_ROCK_CREEK  14  .13  .35  .34  .17  .01  .0039.UPPER_ROCK_CREEK  24  .13  .35  .34  .17  .01  .0040.CLARKSBURG         1  .00  .06  .24  .00  .50  .1940.CLARKSBURG         2  .00  .25  .24  .18  .00  .3340.CLARKSBURG         3  .08  .11  .54  .00  .00  .2840.CLARKSBURG         4 1.00  .00  .00  .00  .00  .0040.CLARKSBURG        14  .03  .11  .33  .03  .25  .2440.CLARKSBURG        24  .05  .16  .42  .07  .00  .3041.GOSHEN             2  .09  .10  .31  .13  .00  .3741.GOSHEN             3  .08  .25  .33  .00  .24  .1041.GOSHEN             4  .12  .08  .61  .19  .00  .0041.GOSHEN            14  .09  .18  .36  .07  .13  .1741.GOSHEN            24  .09  .18  .36  .07  .13  .1754.DICKERSON          2  .15  .00  .00  .85  .00  .0054.DICKERSON          3  .31  .05  .27  .14  .00  .2354.DICKERSON          4 1.00  .00  .00  .00  .00  .0054.DICKERSON         14  .33  .03  .17  .33  .00  .1454.DICKERSON         24  .33  .03  .17  .33  .00  .1458.LOWER_SENECA       2  .18  .20  .00  .13  .48  .0058.LOWER_SENECA       3  .24  .13  .64  .00  .00  .0058.LOWER_SENECA       4  .46  .54  .00  .00  .00  .0058.LOWER_SENECA      14  .23  .24  .09  .09  .33  .0058.LOWER_SENECA      24  .23  .24  .09  .09  .33  .0059.DARNESTOWN         2  .19  .10  .20  .24  .26  .0059.DARNESTOWN         3  .27  .18  .54  .00  .00  .0059.DARNESTOWN         4 1.00  .00  .00  .00  .00  .0059.DARNESTOWN        14  .22  .13  .31  .17  .18  .0059.DARNESTOWN        24  .22  .13  .31  .17  .18  .0060.TRAVILAH           2  .07  .17  .36  .40  .00  .0060.TRAVILAH           3  .38  .44  .10  .00  .08  .0060.TRAVILAH           4  .19  .26  .24  .13  .18  .0060.TRAVILAH          14  .23  .31  .22  .15  .09  .0060.TRAVILAH          24  .23  .31  .22  .15  .09  .0061.BENNETT            1  .00  .00  .34  .00  .45  .2161.BENNETT            2  .15  .23  .00  .00  .63  .0061.BENNETT            3  .08  .11  .21  .34  .00  .2761.BENNETT            4  .08  .09  .36  .00  .35  .1261.BENNETT           14  .06  .08  .26  .12  .30  .1961.BENNETT           24  .09  .12  .21  .18  .22  .1742.POOLESVILLE        2  .20  .54  .00  .27  .00  .0042.POOLESVILLE        3  .65  .18  .16  .00  .00  .0042.POOLESVILLE        4  .22  .78  .00  .00  .00  .0042.POOLESVILLE       14  .40  .43  .07  .10  .00  .0042.POOLESVILLE       24  .40  .43  .07  .10  .00  .00