rep.SIMLOS (Simulated Level Of Service percentages)                    rt    A    B    C    D    E    F==============================================================00.Washington_DC      1  .03  .07  .24  .29  .28  .0800.Washington_DC      2  .06  .18  .34  .26  .14  .0200.Washington_DC      3  .09  .20  .34  .23  .11  .0300.Washington_DC      4  .02  .02  .09  .72  .15  .0000.Washington_DC     14  .05  .14  .30  .29  .18  .0400.Washington_DC     24  .06  .17  .33  .29  .14  .0202.Prince_Georges     1  .01  .02  .08  .57  .26  .0502.Prince_Georges     2  .03  .18  .24  .32  .19  .0402.Prince_Georges     3  .03  .17  .25  .31  .13  .1002.Prince_Georges     4  .03  .12  .23  .41  .13  .0902.Prince_Georges    14  .02  .09  .15  .46  .22  .0602.Prince_Georges    24  .03  .17  .24  .33  .16  .0703.Alexandria         1  .01  .04  .31  .48  .11  .0503.Alexandria         2  .12  .28  .21  .17  .12  .1003.Alexandria         3  .12  .28  .32  .17  .04  .0603.Alexandria         4  .10  .13  .25  .25  .02  .2503.Alexandria        14  .07  .18  .28  .30  .10  .0703.Alexandria        24  .12  .28  .26  .17  .08  .0804.Arlington          1  .01  .07  .11  .42  .24  .1404.Arlington          2  .05  .19  .29  .35  .10  .0304.Arlington          3  .10  .26  .31  .23  .09  .0104.Arlington          4  .21  .23  .39  .12  .01  .0404.Arlington         14  .04  .14  .20  .37  .17  .0904.Arlington         24  .07  .21  .30  .30  .09  .0205.Fairfax            1  .01  .04  .17  .36  .20  .2305.Fairfax            2  .01  .10  .19  .31  .28  .1005.Fairfax            3  .03  .09  .23  .26  .22  .1605.Fairfax            4  .03  .10  .21  .21  .24  .2205.Fairfax           14  .02  .07  .19  .31  .22  .1805.Fairfax           24  .02  .10  .21  .27  .24  .1506.Loudoun            1  .03  .97  .00  .00  .00  .0006.Loudoun            2  .02  .13  .23  .43  .10  .0906.Loudoun            3  .00  .11  .22  .36  .13  .1706.Loudoun            4  .05  .08  .27  .43  .12  .0506.Loudoun           14  .02  .17  .22  .38  .11  .1006.Loudoun           24  .02  .11  .24  .40  .12  .1107.Prince_William     1  .15  .20  .28  .13  .10  .1307.Prince_William     2  .21  .23  .28  .20  .00  .0907.Prince_William     3  .04  .10  .12  .19  .22  .3307.Prince_William     4  .02  .10  .22  .15  .23  .2907.Prince_William    14  .09  .15  .22  .16  .16  .2307.Prince_William    24  .04  .11  .18  .17  .20  .2909.Frederick          1  .14  .26  .18  .20  .15  .0609.Frederick          2  .07  .27  .20  .27  .16  .0409.Frederick          3  .17  .30  .17  .23  .07  .0709.Frederick          4  .09  .25  .13  .29  .20  .0309.Frederick         14  .13  .27  .18  .23  .14  .0609.Frederick         24  .11  .28  .18  .26  .13  .0510.Baltimore_City     1  .02  .18  .53  .27  .00  .0010.Baltimore_City     2  .10  .25  .32  .21  .07  .0510.Baltimore_City     3  .10  .27  .30  .21  .10  .0310.Baltimore_City    14  .07  .23  .39  .23  .05  .0310.Baltimore_City    24  .10  .25  .31  .21  .08  .0411.Baltimore_Co       1  .03  .06  .38  .42  .08  .0411.Baltimore_Co       2  .06  .12  .25  .27  .26  .0511.Baltimore_Co       3  .04  .10  .21  .20  .26  .1811.Baltimore_Co      14  .04  .09  .31  .33  .17  .0711.Baltimore_Co      24  .05  .11  .23  .24  .26  .1112.Harford            1  .16  .11  .46  .25  .02  .0012.Harford            2  .04  .04  .18  .21  .51  .0112.Harford            3  .03  .16  .08  .32  .18  .2112.Harford           14  .08  .11  .24  .26  .23  .0812.Harford           24  .04  .10  .13  .27  .34  .1213.Carroll            1  .00  .32  .64  .01  .00  .0213.Carroll            2  .02  .53  .37  .00  .08  .0013.Carroll            3  .02  .21  .27  .31  .15  .0313.Carroll           14  .02  .26  .34  .24  .12  .0313.Carroll           24  .02  .24  .28  .28  .15  .0314.Howard             1  .00  .06  .19  .35  .38  .0214.Howard             2  .01  .02  .10  .37  .30  .1914.Howard             3  .02  .05  .20  .33  .25  .1514.Howard            14  .01  .05  .17  .35  .33  .0914.Howard            24  .02  .03  .16  .35  .28  .1715.Anne_Arundel       1  .02  .05  .22  .28  .38  .0515.Anne_Arundel       2  .03  .09  .25  .22  .21  .2115.Anne_Arundel       3  .04  .10  .22  .19  .18  .2715.Anne_Arundel      14  .03  .07  .23  .25  .30  .1315.Anne_Arundel      24  .03  .09  .24  .21  .20  .2320.BETHESDA_CHEVY_CH  1  .00  .03  .16  .23  .23  .3520.BETHESDA_CHEVY_CH  2  .03  .25  .38  .19  .13  .0220.BETHESDA_CHEVY_CH  3  .07  .32  .24  .20  .08  .1020.BETHESDA_CHEVY_CH  4  .10  .28  .29  .13  .12  .0820.BETHESDA_CHEVY_CH 14  .02  .14  .24  .21  .18  .2220.BETHESDA_CHEVY_CH 24  .05  .27  .34  .18  .12  .0521.SILVER_SPRING      1  .00  .00  .00  .27  .73  .0021.SILVER_SPRING      2  .02  .23  .22  .13  .08  .3221.SILVER_SPRING      3  .12  .34  .15  .07  .04  .2921.SILVER_SPRING      4  .09  .26  .32  .10  .07  .1621.SILVER_SPRING     14  .03  .18  .15  .16  .28  .2021.SILVER_SPRING     24  .05  .26  .22  .11  .07  .2922.POTOMAC            1  .01  .02  .04  .59  .07  .2622.POTOMAC            2  .03  .19  .37  .19  .04  .1922.POTOMAC            3  .15  .35  .27  .11  .08  .0422.POTOMAC            4  .13  .26  .30  .31  .00  .0022.POTOMAC           14  .06  .15  .19  .38  .05  .1722.POTOMAC           24  .10  .26  .32  .19  .04  .0923.N_BETHESDA         1  .00  .07  .06  .15  .27  .4523.N_BETHESDA         2  .01  .28  .44  .21  .01  .0423.N_BETHESDA         3  .05  .34  .35  .11  .14  .0023.N_BETHESDA         4  .20  .35  .33  .06  .07  .0023.N_BETHESDA        14  .04  .26  .32  .15  .12  .1223.N_BETHESDA        24  .05  .31  .39  .15  .07  .0224.ROCKVILLE          1  .01  .00  .24  .35  .36  .0424.ROCKVILLE          2  .03  .28  .42  .14  .06  .0724.ROCKVILLE          3  .11  .47  .41  .00  .00  .0024.ROCKVILLE          4  .14  .42  .35  .10  .00  .0024.ROCKVILLE         14  .03  .17  .33  .23  .20  .0424.ROCKVILLE         24  .06  .33  .41  .11  .04  .0525.KENSINGTON_WHEATO  1  .00  .00  .00  .41  .59  .0025.KENSINGTON_WHEATO  2  .04  .29  .31  .21  .13  .0225.KENSINGTON_WHEATO  3  .15  .47  .32  .06  .00  .0025.KENSINGTON_WHEATO  4  .22  .34  .11  .18  .00  .1625.KENSINGTON_WHEATO 14  .05  .25  .24  .23  .20  .0225.KENSINGTON_WHEATO 24  .06  .32  .30  .19  .10  .0226.ASPEN_HILL         2  .06  .20  .26  .21  .10  .1626.ASPEN_HILL         3  .03  .19  .30  .13  .34  .0026.ASPEN_HILL         4  .30  .45  .25  .00  .00  .0026.ASPEN_HILL        14  .08  .23  .27  .17  .15  .1026.ASPEN_HILL        24  .08  .23  .27  .17  .15  .1027.FAIRLAND_WHITE_OA  1  .00  .00  .00  .43  .57  .0027.FAIRLAND_WHITE_OA  2  .01  .32  .39  .23  .04  .0127.FAIRLAND_WHITE_OA  3  .06  .38  .22  .17  .15  .0227.FAIRLAND_WHITE_OA  4  .18  .23  .34  .19  .05  .0027.FAIRLAND_WHITE_OA 14  .02  .21  .22  .29  .26  .0127.FAIRLAND_WHITE_OA 24  .03  .33  .34  .21  .07  .0128.CLOVERLY           2  .00  .29  .28  .22  .21  .0028.CLOVERLY           3  .03  .32  .36  .23  .06  .0028.CLOVERLY           4  .21  .15  .65  .00  .00  .0028.CLOVERLY          14  .04  .29  .36  .20  .11  .0028.CLOVERLY          24  .04  .29  .36  .20  .11  .0029.OLNEY              2  .03  .28  .30  .36  .03  .0029.OLNEY              3  .33  .27  .33  .07  .00  .0029.OLNEY              4  .19  .50  .31  .00  .00  .0029.OLNEY             14  .12  .31  .31  .24  .02  .0029.OLNEY             24  .12  .31  .31  .24  .02  .0030.GAITHERSBURG       1  .04  .10  .16  .25  .45  .0030.GAITHERSBURG       2  .09  .29  .25  .21  .11  .0530.GAITHERSBURG       3  .33  .40  .09  .02  .07  .0930.GAITHERSBURG       4  .37  .20  .21  .22  .00  .0030.GAITHERSBURG      14  .08  .20  .19  .22  .28  .0330.GAITHERSBURG      24  .13  .30  .23  .19  .11  .0531.DERWOOD_NEEDWOOD   1  .02  .29  .40  .13  .16  .0031.DERWOOD_NEEDWOOD   2  .07  .33  .29  .12  .07  .1131.DERWOOD_NEEDWOOD   3  .41  .38  .21  .00  .00  .0031.DERWOOD_NEEDWOOD   4  .05  .31  .33  .23  .07  .0031.DERWOOD_NEEDWOOD  14  .10  .33  .31  .13  .08  .0531.DERWOOD_NEEDWOOD  24  .13  .34  .29  .12  .06  .0732.MONTGOMERY_VILLAG  2  .10  .35  .20  .25  .02  .0832.MONTGOMERY_VILLAG  3  .36  .33  .16  .07  .02  .0632.MONTGOMERY_VILLAG  4  .45  .07  .28  .19  .00  .0032.MONTGOMERY_VILLAG 14  .21  .32  .19  .18  .02  .0732.MONTGOMERY_VILLAG 24  .21  .32  .19  .18  .02  .0733.NORTH_POTOMAC      2  .01  .16  .25  .25  .25  .0833.NORTH_POTOMAC      3  .16  .50  .34  .00  .00  .0033.NORTH_POTOMAC      4  .36  .14  .50  .00  .00  .0033.NORTH_POTOMAC     14  .07  .22  .29  .18  .18  .0533.NORTH_POTOMAC     24  .07  .22  .29  .18  .18  .0534.R_&_D_VILLAGE      1  .00  .00  .37  .49  .14  .0034.R_&_D_VILLAGE      2  .24  .53  .13  .00  .07  .0334.R_&_D_VILLAGE      3  .15  .34  .51  .00  .00  .0034.R_&_D_VILLAGE      4  .54  .00  .46  .00  .00  .0034.R_&_D_VILLAGE     14  .14  .28  .32  .17  .07  .0134.R_&_D_VILLAGE     24  .21  .44  .29  .00  .04  .0235.GERMANTOWN_WEST    1  .00  .20  .06  .21  .12  .4235.GERMANTOWN_WEST    2  .17  .24  .33  .12  .11  .0335.GERMANTOWN_WEST    3  .55  .36  .04  .05  .00  .0035.GERMANTOWN_WEST    4  .66  .34  .00  .00  .00  .0035.GERMANTOWN_WEST   14  .18  .24  .22  .13  .10  .1435.GERMANTOWN_WEST   24  .25  .26  .28  .10  .09  .0336.GERMANTOWN_EAST    1  .00  .11  .17  .08  .36  .2836.GERMANTOWN_EAST    2  .03  .21  .34  .14  .12  .1536.GERMANTOWN_EAST    3  .06  .15  .25  .09  .12  .3336.GERMANTOWN_EAST    4  .20  .39  .42  .00  .00  .0036.GERMANTOWN_EAST   14  .03  .16  .24  .09  .24  .2336.GERMANTOWN_EAST   24  .06  .22  .33  .12  .10  .1737.DAMASCUS           2  .05  .00  .15  .09  .49  .2237.DAMASCUS           3  .03  .08  .15  .38  .13  .2437.DAMASCUS           4  .31  .18  .00  .00  .51  .0037.DAMASCUS          14  .06  .07  .14  .27  .27  .2137.DAMASCUS          24  .06  .07  .14  .27  .27  .2138.PATUXENT_EAST      2  .01  .12  .52  .25  .10  .0038.PATUXENT_EAST      3  .04  .40  .55  .02  .00  .0038.PATUXENT_EAST      4  .39  .61  .00  .00  .00  .0038.PATUXENT_EAST     14  .03  .23  .52  .16  .06  .0038.PATUXENT_EAST     24  .03  .23  .52  .16  .06  .0055.PATUXENT_MID       2  .10  .14  .47  .30  .00  .0055.PATUXENT_MID       3  .14  .49  .27  .04  .00  .0655.PATUXENT_MID       4  .00  .05  .64  .28  .04  .0055.PATUXENT_MID      14  .07  .22  .47  .20  .02  .0255.PATUXENT_MID      24  .07  .22  .47  .20  .02  .0256.PATUXENT_WEST      2  .15  .00  .00  .00  .44  .4156.PATUXENT_WEST      3  .00  .00  .06  .42  .00  .5256.PATUXENT_WEST      4  .04  .28  .00  .00  .68  .0056.PATUXENT_WEST     14  .07  .11  .02  .11  .42  .2756.PATUXENT_WEST     24  .07  .11  .02  .11  .42  .2739.UPPER_ROCK_CREEK   2  .14  .41  .45  .00  .00  .0039.UPPER_ROCK_CREEK   3  .12  .44  .07  .37  .00  .0039.UPPER_ROCK_CREEK   4  .07  .21  .53  .09  .11  .0039.UPPER_ROCK_CREEK  14  .11  .35  .32  .18  .04  .0039.UPPER_ROCK_CREEK  24  .11  .35  .32  .18  .04  .0040.CLARKSBURG         1  .00  .06  .25  .00  .05  .6440.CLARKSBURG         2  .00  .23  .23  .19  .00  .3540.CLARKSBURG         3  .09  .09  .54  .00  .00  .2840.CLARKSBURG         4 1.00  .00  .00  .00  .00  .0040.CLARKSBURG        14  .03  .10  .33  .04  .03  .4840.CLARKSBURG        24  .06  .15  .42  .07  .00  .3041.GOSHEN             2  .11  .07  .32  .14  .00  .3641.GOSHEN             3  .08  .23  .32  .20  .06  .1141.GOSHEN             4  .11  .14  .53  .22  .00  .0041.GOSHEN            14  .09  .17  .35  .18  .03  .1741.GOSHEN            24  .09  .17  .35  .18  .03  .1754.DICKERSON          2  .15  .00  .00  .85  .00  .0054.DICKERSON          3  .31  .05  .26  .14  .00  .2354.DICKERSON          4 1.00  .00  .00  .00  .00  .0054.DICKERSON         14  .33  .03  .16  .33  .00  .1454.DICKERSON         24  .33  .03  .16  .33  .00  .1458.LOWER_SENECA       2  .17  .21  .00  .13  .49  .0058.LOWER_SENECA       3  .24  .13  .63  .00  .00  .0058.LOWER_SENECA       4  .45  .55  .00  .00  .00  .0058.LOWER_SENECA      14  .23  .25  .09  .09  .34  .0058.LOWER_SENECA      24  .23  .25  .09  .09  .34  .0059.DARNESTOWN         2  .17  .12  .21  .25  .25  .0059.DARNESTOWN         3  .28  .28  .45  .00  .00  .0059.DARNESTOWN         4 1.00  .00  .00  .00  .00  .0059.DARNESTOWN        14  .21  .16  .28  .17  .18  .0059.DARNESTOWN        24  .21  .16  .28  .17  .18  .0060.TRAVILAH           2  .07  .18  .36  .39  .00  .0060.TRAVILAH           3  .31  .52  .09  .00  .08  .0060.TRAVILAH           4  .21  .26  .24  .13  .16  .0060.TRAVILAH          14  .21  .34  .21  .15  .08  .0060.TRAVILAH          24  .21  .34  .21  .15  .08  .0061.BENNETT            1  .00  .00  .34  .00  .00  .6661.BENNETT            2  .13  .22  .00  .00  .65  .0061.BENNETT            3  .13  .04  .16  .39  .00  .2761.BENNETT            4  .08  .09  .38  .00  .33  .1261.BENNETT           14  .08  .06  .25  .13  .14  .3561.BENNETT           24  .12  .09  .19  .21  .22  .1842.POOLESVILLE        2  .20  .54  .00  .27  .00  .0042.POOLESVILLE        3  .65  .35  .00  .00  .00  .0042.POOLESVILLE        4  .23  .77  .00  .00  .00  .0042.POOLESVILLE       14  .39  .50  .00  .11  .00  .0042.POOLESVILLE       24  .39  .50  .00  .11  .00  .00