rep.SIMLOS (Simulated Level Of Service percentages)                    rt    A    B    C    D    E    F==============================================================00.Washington_DC      1  .03  .06  .23  .32  .21  .1500.Washington_DC      2  .05  .16  .30  .31  .15  .0300.Washington_DC      3  .07  .20  .27  .29  .13  .0400.Washington_DC      4  .16  .27  .16  .21  .20  .0000.Washington_DC     14  .04  .13  .28  .31  .17  .0700.Washington_DC     24  .05  .16  .30  .31  .15  .0302.Prince_Georges     1  .01  .02  .09  .55  .28  .0602.Prince_Georges     2  .02  .15  .24  .35  .20  .0402.Prince_Georges     3  .03  .16  .24  .29  .15  .1402.Prince_Georges     4  .03  .12  .33  .26  .14  .1102.Prince_Georges    14  .02  .08  .16  .45  .23  .0702.Prince_Georges    24  .03  .15  .25  .32  .17  .0803.Alexandria         1  .01  .04  .18  .63  .09  .0503.Alexandria         2  .11  .19  .27  .22  .12  .0903.Alexandria         3  .11  .26  .36  .15  .06  .0603.Alexandria         4  .09  .17  .18  .07  .26  .2403.Alexandria        14  .07  .15  .26  .36  .09  .0703.Alexandria        24  .11  .22  .31  .18  .10  .0804.Arlington          1  .00  .08  .11  .38  .27  .1504.Arlington          2  .05  .17  .26  .40  .10  .0304.Arlington          3  .09  .24  .30  .27  .09  .0104.Arlington          4  .17  .26  .36  .16  .01  .0404.Arlington         14  .03  .14  .19  .36  .19  .0904.Arlington         24  .07  .20  .28  .34  .09  .0205.Fairfax            1  .01  .03  .16  .35  .19  .2705.Fairfax            2  .01  .09  .20  .28  .26  .1605.Fairfax            3  .02  .08  .22  .27  .24  .1805.Fairfax            4  .02  .08  .16  .29  .23  .2205.Fairfax           14  .01  .06  .19  .31  .22  .2205.Fairfax           24  .02  .08  .20  .27  .25  .1806.Loudoun            1  .03  .97  .00  .00  .00  .0006.Loudoun            2  .02  .14  .16  .50  .10  .0806.Loudoun            3  .00  .08  .16  .41  .17  .1706.Loudoun            4  .05  .08  .25  .46  .11  .0506.Loudoun           14  .02  .16  .17  .42  .12  .1006.Loudoun           24  .02  .10  .19  .45  .13  .1107.Prince_William     1  .14  .15  .30  .18  .10  .1307.Prince_William     2  .23  .22  .39  .07  .00  .0907.Prince_William     3  .05  .09  .14  .17  .22  .3307.Prince_William     4  .02  .14  .12  .21  .21  .3007.Prince_William    14  .09  .14  .21  .18  .15  .2307.Prince_William    24  .05  .13  .15  .18  .19  .2909.Frederick          1  .14  .19  .25  .22  .19  .0109.Frederick          2  .07  .22  .20  .34  .14  .0409.Frederick          3  .16  .23  .33  .17  .11  .0109.Frederick          4  .08  .20  .27  .29  .13  .0309.Frederick         14  .12  .20  .25  .24  .16  .0209.Frederick         24  .10  .22  .25  .27  .13  .0210.Baltimore_City     1  .02  .16  .51  .31  .00  .0010.Baltimore_City     2  .07  .22  .29  .24  .12  .0610.Baltimore_City     3  .08  .22  .28  .29  .08  .0510.Baltimore_City    14  .06  .20  .36  .27  .07  .0410.Baltimore_City    24  .08  .22  .29  .25  .11  .0611.Baltimore_Co       1  .02  .07  .34  .42  .11  .0511.Baltimore_Co       2  .05  .10  .24  .29  .20  .1311.Baltimore_Co       3  .04  .09  .22  .17  .28  .2111.Baltimore_Co      14  .03  .08  .28  .33  .17  .1111.Baltimore_Co      24  .04  .09  .23  .23  .24  .1712.Harford            1  .15  .10  .20  .53  .02  .0012.Harford            2  .05  .03  .19  .21  .45  .0712.Harford            3  .03  .07  .17  .26  .26  .2112.Harford           14  .08  .07  .18  .33  .24  .1012.Harford           24  .04  .05  .18  .23  .35  .1413.Carroll            1  .00  .31  .65  .00  .02  .0313.Carroll            2  .02  .54  .36  .00  .08  .0013.Carroll            3  .01  .27  .24  .30  .14  .0313.Carroll           14  .01  .30  .31  .23  .11  .0313.Carroll           24  .01  .30  .26  .27  .13  .0314.Howard             1  .00  .06  .20  .33  .38  .0314.Howard             2  .02  .03  .14  .32  .26  .2414.Howard             3  .01  .05  .22  .34  .20  .1814.Howard            14  .01  .05  .19  .33  .31  .1114.Howard            24  .01  .04  .18  .33  .23  .2115.Anne_Arundel       1  .02  .06  .22  .32  .33  .0515.Anne_Arundel       2  .02  .09  .23  .21  .22  .2215.Anne_Arundel       3  .05  .09  .22  .19  .19  .2615.Anne_Arundel      14  .03  .07  .23  .27  .28  .1315.Anne_Arundel      24  .03  .09  .23  .20  .21  .2420.BETHESDA_CHEVY_CH  1  .00  .03  .11  .21  .32  .3320.BETHESDA_CHEVY_CH  2  .04  .29  .40  .19  .07  .0120.BETHESDA_CHEVY_CH  3  .09  .22  .26  .18  .24  .0120.BETHESDA_CHEVY_CH  4  .09  .15  .22  .23  .12  .1920.BETHESDA_CHEVY_CH 14  .03  .13  .22  .20  .22  .1920.BETHESDA_CHEVY_CH 24  .06  .26  .35  .19  .11  .0321.SILVER_SPRING      1  .00  .00  .20  .17  .63  .0021.SILVER_SPRING      2  .02  .24  .27  .12  .03  .3321.SILVER_SPRING      3  .16  .19  .24  .06  .01  .3321.SILVER_SPRING      4  .07  .14  .21  .22  .11  .2521.SILVER_SPRING     14  .04  .15  .24  .13  .21  .2321.SILVER_SPRING     24  .05  .22  .26  .12  .04  .3222.POTOMAC            1  .01  .01  .03  .05  .63  .2622.POTOMAC            2  .04  .30  .25  .21  .00  .2122.POTOMAC            3  .17  .35  .23  .11  .06  .0922.POTOMAC            4  .09  .17  .29  .16  .16  .1322.POTOMAC           14  .06  .15  .14  .11  .34  .2022.POTOMAC           24  .10  .29  .25  .16  .06  .1523.N_BETHESDA         1  .00  .01  .12  .17  .03  .6623.N_BETHESDA         2  .01  .23  .49  .20  .07  .0023.N_BETHESDA         3  .02  .31  .32  .16  .15  .0423.N_BETHESDA         4  .09  .26  .16  .18  .24  .0623.N_BETHESDA        14  .02  .21  .32  .18  .11  .1623.N_BETHESDA        24  .03  .26  .38  .18  .13  .0224.ROCKVILLE          1  .01  .00  .18  .30  .48  .0424.ROCKVILLE          2  .04  .31  .35  .18  .06  .0724.ROCKVILLE          3  .04  .70  .19  .06  .00  .0024.ROCKVILLE          4  .02  .36  .17  .24  .13  .0824.ROCKVILLE         14  .02  .20  .24  .23  .26  .0524.ROCKVILLE         24  .04  .38  .30  .17  .05  .0625.KENSINGTON_WHEATO  1  .00  .00  .26  .20  .54  .0025.KENSINGTON_WHEATO  2  .04  .22  .31  .23  .13  .0725.KENSINGTON_WHEATO  3  .09  .33  .38  .19  .01  .0025.KENSINGTON_WHEATO  4  .12  .19  .23  .12  .08  .2525.KENSINGTON_WHEATO 14  .04  .19  .30  .21  .19  .0625.KENSINGTON_WHEATO 24  .05  .23  .31  .22  .11  .0826.ASPEN_HILL         2  .04  .19  .32  .05  .22  .1926.ASPEN_HILL         3  .02  .13  .31  .41  .09  .0426.ASPEN_HILL         4  .13  .42  .20  .24  .00  .0026.ASPEN_HILL        14  .04  .20  .30  .15  .17  .1426.ASPEN_HILL        24  .04  .20  .30  .15  .17  .1427.FAIRLAND_WHITE_OA  1  .00  .00  .08  .36  .56  .0027.FAIRLAND_WHITE_OA  2  .01  .30  .40  .22  .03  .0327.FAIRLAND_WHITE_OA  3  .05  .22  .33  .08  .23  .0927.FAIRLAND_WHITE_OA  4  .13  .15  .22  .15  .13  .2327.FAIRLAND_WHITE_OA 14  .02  .18  .27  .24  .25  .0427.FAIRLAND_WHITE_OA 24  .03  .28  .37  .18  .09  .0628.CLOVERLY           2  .02  .15  .34  .26  .13  .1128.CLOVERLY           3  .03  .24  .41  .14  .13  .0628.CLOVERLY           4  .11  .16  .08  .21  .44  .0028.CLOVERLY          14  .03  .19  .34  .20  .16  .0828.CLOVERLY          24  .03  .19  .34  .20  .16  .0829.OLNEY              2  .03  .28  .28  .37  .03  .0229.OLNEY              3  .19  .23  .24  .25  .00  .0829.OLNEY              4  .14  .29  .57  .00  .00  .0029.OLNEY             14  .08  .27  .30  .30  .02  .0329.OLNEY             24  .08  .27  .30  .30  .02  .0330.GAITHERSBURG       1  .03  .10  .19  .23  .43  .0230.GAITHERSBURG       2  .09  .25  .23  .22  .17  .0430.GAITHERSBURG       3  .19  .38  .03  .00  .23  .1630.GAITHERSBURG       4  .12  .49  .00  .23  .16  .0030.GAITHERSBURG      14  .07  .19  .19  .21  .30  .0430.GAITHERSBURG      24  .10  .27  .20  .19  .17  .0631.DERWOOD_NEEDWOOD   1  .01  .24  .47  .13  .15  .0031.DERWOOD_NEEDWOOD   2  .08  .31  .27  .18  .11  .0631.DERWOOD_NEEDWOOD   3  .21  .27  .42  .00  .10  .0031.DERWOOD_NEEDWOOD   4  .03  .12  .18  .60  .06  .0031.DERWOOD_NEEDWOOD  14  .07  .26  .32  .21  .11  .0331.DERWOOD_NEEDWOOD  24  .09  .27  .28  .23  .10  .0432.MONTGOMERY_VILLAG  2  .12  .28  .12  .15  .14  .1932.MONTGOMERY_VILLAG  3  .18  .45  .23  .05  .02  .0632.MONTGOMERY_VILLAG  4  .06  .43  .06  .25  .10  .1032.MONTGOMERY_VILLAG 14  .14  .35  .15  .13  .10  .1432.MONTGOMERY_VILLAG 24  .14  .35  .15  .13  .10  .1433.NORTH_POTOMAC      2  .01  .17  .02  .47  .26  .0833.NORTH_POTOMAC      3  .18  .37  .46  .00  .00  .0033.NORTH_POTOMAC      4  .15  .30  .22  .33  .00  .0033.NORTH_POTOMAC     14  .05  .21  .11  .38  .19  .0633.NORTH_POTOMAC     24  .05  .21  .11  .38  .19  .0634.R_&_D_VILLAGE      1  .00  .00  .38  .49  .13  .0034.R_&_D_VILLAGE      2  .31  .41  .18  .07  .00  .0434.R_&_D_VILLAGE      3  .12  .34  .28  .11  .00  .1534.R_&_D_VILLAGE      4  .16  .36  .00  .48  .00  .0034.R_&_D_VILLAGE     14  .14  .24  .28  .24  .05  .0634.R_&_D_VILLAGE     24  .22  .38  .22  .10  .00  .0935.GERMANTOWN_WEST    1  .00  .19  .06  .21  .00  .5435.GERMANTOWN_WEST    2  .17  .29  .30  .19  .04  .0235.GERMANTOWN_WEST    3  .51  .30  .09  .04  .06  .0035.GERMANTOWN_WEST    4  .20  .47  .22  .00  .00  .1235.GERMANTOWN_WEST   14  .16  .27  .21  .17  .03  .1735.GERMANTOWN_WEST   24  .22  .30  .26  .16  .04  .0236.GERMANTOWN_EAST    1  .00  .11  .18  .08  .31  .3336.GERMANTOWN_EAST    2  .03  .29  .21  .31  .08  .0736.GERMANTOWN_EAST    3  .06  .20  .21  .37  .00  .1636.GERMANTOWN_EAST    4  .06  .26  .15  .25  .00  .2836.GERMANTOWN_EAST   14  .02  .18  .19  .18  .20  .2436.GERMANTOWN_EAST   24  .04  .27  .20  .31  .05  .1237.DAMASCUS           2  .06  .15  .07  .57  .15  .0037.DAMASCUS           3  .07  .08  .43  .25  .18  .0037.DAMASCUS           4  .16  .41  .00  .00  .43  .0037.DAMASCUS          14  .07  .13  .28  .33  .19  .0037.DAMASCUS          24  .07  .13  .28  .33  .19  .0038.PATUXENT_EAST      2  .01  .19  .56  .13  .13  .0038.PATUXENT_EAST      3  .02  .28  .61  .09  .00  .0038.PATUXENT_EAST      4  .13  .87  .00  .00  .00  .0038.PATUXENT_EAST     14  .01  .23  .57  .11  .08  .0038.PATUXENT_EAST     24  .01  .23  .57  .11  .08  .0055.PATUXENT_MID       2  .05  .04  .14  .18  .28  .3155.PATUXENT_MID       3  .11  .31  .21  .31  .05  .0055.PATUXENT_MID       4  .01  .00  .26  .40  .00  .3355.PATUXENT_MID      14  .06  .13  .22  .32  .08  .2055.PATUXENT_MID      24  .06  .13  .22  .32  .08  .2056.PATUXENT_WEST      2  .17  .00  .00  .83  .00  .0056.PATUXENT_WEST      3  .00  .06  .32  .09  .53  .0056.PATUXENT_WEST      4  .03  .24  .00  .00  .73  .0056.PATUXENT_WEST     14  .07  .10  .08  .34  .40  .0056.PATUXENT_WEST     24  .07  .10  .08  .34  .40  .0039.UPPER_ROCK_CREEK   2  .09  .51  .41  .00  .00  .0039.UPPER_ROCK_CREEK   3  .11  .40  .10  .20  .18  .0039.UPPER_ROCK_CREEK   4  .05  .14  .13  .49  .11  .0839.UPPER_ROCK_CREEK  14  .08  .35  .21  .23  .10  .0339.UPPER_ROCK_CREEK  24  .08  .35  .21  .23  .10  .0340.CLARKSBURG         1  .00  .06  .24  .00  .51  .1940.CLARKSBURG         2  .13  .42  .08  .00  .37  .0040.CLARKSBURG         3  .15  .17  .37  .00  .18  .1340.CLARKSBURG         4  .34  .66  .00  .00  .00  .0040.CLARKSBURG        14  .07  .16  .24  .00  .39  .1440.CLARKSBURG        24  .15  .27  .25  .00  .26  .0741.GOSHEN             2  .19  .00  .41  .15  .25  .0041.GOSHEN             3  .08  .27  .06  .58  .00  .0041.GOSHEN             4  .11  .12  .09  .17  .00  .5041.GOSHEN            14  .12  .17  .17  .38  .07  .0841.GOSHEN            24  .12  .17  .17  .38  .07  .0854.DICKERSON          2  .15  .00  .85  .00  .00  .0054.DICKERSON          3  .32  .26  .19  .00  .23  .0054.DICKERSON          4 1.00  .00  .00  .00  .00  .0054.DICKERSON         14  .34  .16  .36  .00  .14  .0054.DICKERSON         24  .34  .16  .36  .00  .14  .0058.LOWER_SENECA       2  .28  .12  .33  .08  .19  .0058.LOWER_SENECA       3  .28  .04  .68  .00  .00  .0058.LOWER_SENECA       4  .18  .82  .00  .00  .00  .0058.LOWER_SENECA      14  .26  .24  .32  .06  .12  .0058.LOWER_SENECA      24  .26  .24  .32  .06  .12  .0059.DARNESTOWN         2  .23  .14  .25  .39  .00  .0059.DARNESTOWN         3  .25  .75  .00  .00  .00  .0059.DARNESTOWN         4 1.00  .00  .00  .00  .00  .0059.DARNESTOWN        14  .24  .32  .17  .27  .00  .0059.DARNESTOWN        24  .24  .32  .17  .27  .00  .0060.TRAVILAH           2  .05  .57  .38  .00  .00  .0060.TRAVILAH           3  .45  .47  .00  .07  .00  .0060.TRAVILAH           4  .16  .19  .20  .16  .28  .0060.TRAVILAH          14  .24  .41  .17  .08  .09  .0060.TRAVILAH          24  .24  .41  .17  .08  .09  .0061.BENNETT            1  .00  .00  .34  .00  .66  .0061.BENNETT            2  .14  .21  .00  .00  .66  .0061.BENNETT            3  .14  .13  .43  .03  .27  .0061.BENNETT            4  .10  .28  .12  .00  .38  .1361.BENNETT           14  .08  .11  .29  .01  .49  .0261.BENNETT           24  .13  .18  .26  .02  .38  .0342.POOLESVILLE        2  .69  .00  .31  .00  .00  .0042.POOLESVILLE        3  .84  .16  .00  .00  .00  .0042.POOLESVILLE        4  .34  .66  .00  .00  .00  .0042.POOLESVILLE       14  .69  .22  .09  .00  .00  .0042.POOLESVILLE       24  .69  .22  .09  .00  .00  .00