rep.Mk Mode Choice (weighted average of summary statistics5
                          AUTO1 AUTO2 AUTO3 WALK WCTR ADTR APTR AUTO_OCC 
==============================================================================
'Dummy' 1                 0.000 0.000 0.000 0.000 0.000 0.000 0.000 0.000
'00.Washington_DC' 61     0.644 0.100 0.023 0.132 0.079 0.015 0.007 1.079
'02.Prince_Georges' 77    0.825 0.078 0.016 0.014 0.042 0.018 0.006 1.046
'03.Alexandria'  9        0.765 0.079 0.030 0.035 0.054 0.027 0.011 1.061
'04.Arlington' 15         0.688 0.085 0.044 0.077 0.065 0.026 0.014 1.084
'05.Fairfax' 49           0.845 0.070 0.022 0.010 0.032 0.015 0.006 1.045
'06.Loudoun' 13           0.891 0.058 0.012 0.005 0.016 0.012 0.006 1.030
'07.Prince_William' 11    0.881 0.054 0.011 0.003 0.027 0.016 0.008 1.027
'08.Charles' 4            0.643 0.111 0.023 0.000 0.111 0.076 0.037 1.086
'09.Frederick' 22         0.880 0.051 0.009 0.002 0.017 0.027 0.013 1.024
'10.Baltimore_City' 13    0.651 0.096 0.021 0.059 0.169 0.003 0.001 1.074
'11.Baltimore_Co' 23      0.829 0.101 0.018 0.012 0.036 0.002 0.001 1.060
'12.Harford' 6            0.856 0.109 0.017 0.004 0.013 0.000 0.000 1.061
'13.Carroll' 6            0.877 0.083 0.015 0.007 0.013 0.003 0.002 1.045
'14.Howard' 18            0.874 0.058 0.012 0.005 0.040 0.008 0.004 1.030
'15.Anne_Arundel' 19      0.891 0.052 0.011 0.004 0.030 0.008 0.004 1.025
'20.BETHESDA_CHEVY_CHAk   0.648 0.091 0.020 0.076 0.131 0.020 0.013 1.070
'21.SILVER_SPRING' 23     0.635 0.092 0.020 0.063 0.151 0.027 0.012 1.072
'22.POTOMAC' 17           0.741 0.091 0.023 0.009 0.070 0.050 0.016 1.065
'23.N_BETHESDA' 19        0.664 0.093 0.019 0.026 0.131 0.044 0.023 1.069
'24.ROCKVILLE' 21         0.603 0.089 0.020 0.049 0.178 0.047 0.013 1.073
'25.KENSINGTON_WHEATON'   0.700 0.105 0.025 0.015 0.107 0.038 0.011 1.078
'26.AkPEN_HILL