rep.SIMLOS (Simulated Level Of Service percentages)                    rt    A    B    C    D    E    F==============================================================00.Washington_DC      1  .03  .08  .24  .30  .26  .0900.Washington_DC      2  .05  .17  .31  .32  .13  .0200.Washington_DC      3  .09  .20  .29  .25  .13  .0300.Washington_DC      4  .22  .23  .14  .19  .21  .0100.Washington_DC     14  .05  .14  .29  .31  .17  .0400.Washington_DC     24  .06  .18  .31  .31  .13  .0202.Prince_Georges     1  .01  .02  .10  .55  .24  .0802.Prince_Georges     2  .03  .16  .24  .35  .19  .0302.Prince_Georges     3  .03  .17  .25  .29  .16  .1002.Prince_Georges     4  .03  .14  .30  .28  .13  .1202.Prince_Georges    14  .02  .09  .17  .45  .21  .0802.Prince_Georges    24  .03  .16  .25  .32  .17  .0703.Alexandria         1  .01  .04  .31  .50  .09  .0503.Alexandria         2  .12  .35  .13  .19  .11  .0903.Alexandria         3  .13  .27  .32  .17  .04  .0603.Alexandria         4  .10  .13  .24  .00  .27  .2603.Alexandria        14  .08  .20  .26  .31  .09  .0703.Alexandria        24  .12  .31  .23  .18  .08  .0804.Arlington          1  .01  .07  .11  .43  .26  .1204.Arlington          2  .04  .19  .29  .35  .10  .0204.Arlington          3  .10  .24  .32  .24  .09  .0104.Arlington          4  .22  .30  .37  .06  .01  .0404.Arlington         14  .04  .14  .19  .37  .19  .0704.Arlington         24  .07  .21  .31  .30  .10  .0205.Fairfax            1  .01  .04  .18  .37  .21  .1905.Fairfax            2  .01  .11  .18  .30  .28  .1205.Fairfax            3  .03  .10  .22  .29  .21  .1605.Fairfax            4  .02  .10  .19  .23  .24  .2105.Fairfax           14  .01  .08  .19  .32  .23  .1705.Fairfax           24  .02  .10  .20  .28  .24  .1506.Loudoun            1  .03  .97  .00  .00  .00  .0006.Loudoun            2  .02  .13  .23  .43  .10  .0906.Loudoun            3  .01  .16  .07  .46  .13  .1706.Loudoun            4  .05  .09  .29  .41  .11  .0406.Loudoun           14  .03  .19  .17  .41  .11  .1006.Loudoun           24  .02  .13  .18  .44  .12  .1107.Prince_William     1  .15  .20  .28  .24  .00  .1407.Prince_William     2  .21  .23  .37  .10  .00  .0907.Prince_William     3  .04  .10  .11  .20  .23  .3307.Prince_William     4  .02  .09  .22  .12  .30  .2507.Prince_William    14  .09  .14  .23  .18  .15  .2107.Prince_William    24  .04  .10  .19  .15  .25  .2609.Frederick          1  .14  .22  .21  .20  .15  .0709.Frederick          2  .07  .25  .21  .20  .23  .0409.Frederick          3  .16  .28  .20  .25  .02  .0709.Frederick          4  .08  .26  .14  .28  .20  .0309.Frederick         14  .13  .24  .21  .22  .15  .0609.Frederick         24  .10  .26  .19  .23  .16  .0510.Baltimore_City     1  .02  .24  .47  .27  .00  .0010.Baltimore_City     2  .11  .24  .32  .21  .07  .0510.Baltimore_City     3  .10  .27  .30  .19  .11  .0210.Baltimore_City    14  .07  .25  .37  .23  .05  .0310.Baltimore_City    24  .10  .25  .32  .20  .08  .0411.Baltimore_Co       1  .02  .07  .38  .41  .08  .0411.Baltimore_Co       2  .05  .13  .24  .27  .23  .0811.Baltimore_Co       3  .04  .10  .21  .21  .27  .1711.Baltimore_Co      14  .03  .09  .31  .33  .16  .0811.Baltimore_Co      24  .05  .11  .22  .25  .25  .1212.Harford            1  .07  .20  .46  .25  .02  .0012.Harford            2  .05  .04  .18  .21  .51  .0112.Harford            3  .03  .18  .06  .33  .18  .2212.Harford           14  .05  .14  .23  .27  .23  .0812.Harford           24  .04  .11  .12  .27  .34  .1213.Carroll            1  .00  .32  .64  .00  .01  .0213.Carroll            2  .02  .53  .37  .00  .08  .0013.Carroll            3  .02  .21  .27  .31  .15  .0313.Carroll           14  .02  .25  .34  .24  .13  .0313.Carroll           24  .02  .24  .28  .28  .14  .0314.Howard             1  .00  .07  .17  .35  .38  .0214.Howard             2  .01  .03  .09  .37  .30  .2114.Howard             3  .02  .04  .21  .38  .21  .1414.Howard            14  .01  .05  .16  .36  .32  .0914.Howard            24  .02  .04  .15  .38  .25  .1715.Anne_Arundel       1  .02  .05  .22  .28  .38  .0515.Anne_Arundel       2  .03  .09  .23  .24  .20  .2115.Anne_Arundel       3  .04  .10  .24  .17  .18  .2715.Anne_Arundel      14  .03  .07  .22  .25  .29  .1315.Anne_Arundel      24  .04  .10  .23  .21  .19  .2320.BETHESDA_CHEVY_CH  1  .00  .03  .18  .21  .23  .3520.BETHESDA_CHEVY_CH  2  .02  .24  .40  .15  .16  .0320.BETHESDA_CHEVY_CH  3  .07  .24  .35  .15  .11  .0820.BETHESDA_CHEVY_CH  4  .10  .32  .25  .25  .05  .0320.BETHESDA_CHEVY_CH 14  .02  .13  .27  .19  .18  .2120.BETHESDA_CHEVY_CH 24  .04  .25  .37  .17  .13  .0421.SILVER_SPRING      1  .00  .00  .02  .26  .39  .3421.SILVER_SPRING      2  .02  .21  .23  .14  .09  .3221.SILVER_SPRING      3  .14  .29  .17  .08  .04  .2621.SILVER_SPRING      4  .09  .19  .37  .11  .08  .1621.SILVER_SPRING     14  .04  .15  .17  .17  .18  .3021.SILVER_SPRING     24  .05  .22  .24  .12  .08  .2822.POTOMAC            1  .02  .01  .04  .59  .07  .2622.POTOMAC            2  .03  .18  .38  .19  .04  .1922.POTOMAC            3  .15  .30  .31  .11  .08  .0422.POTOMAC            4  .13  .26  .23  .38  .00  .0022.POTOMAC           14  .06  .13  .19  .39  .05  .1722.POTOMAC           24  .10  .24  .32  .21  .04  .0923.N_BETHESDA         1  .00  .06  .13  .10  .25  .4523.N_BETHESDA         2  .00  .22  .45  .27  .05  .0023.N_BETHESDA         3  .07  .34  .32  .11  .15  .0023.N_BETHESDA         4  .19  .35  .34  .12  .00  .0023.N_BETHESDA        14  .04  .23  .33  .17  .12  .1023.N_BETHESDA        24  .05  .28  .39  .19  .08  .0024.ROCKVILLE          1  .01  .00  .25  .35  .36  .0424.ROCKVILLE          2  .03  .29  .38  .20  .04  .0724.ROCKVILLE          3  .10  .53  .37  .00  .00  .0024.ROCKVILLE          4  .21  .29  .43  .08  .00  .0024.ROCKVILLE         14  .03  .17  .31  .25  .19  .0424.ROCKVILLE         24  .06  .33  .38  .15  .03  .0525.KENSINGTON_WHEATO  1  .00  .00  .00  .41  .59  .0025.KENSINGTON_WHEATO  2  .03  .29  .29  .20  .17  .0225.KENSINGTON_WHEATO  3  .18  .48  .29  .05  .00  .0025.KENSINGTON_WHEATO  4  .21  .35  .11  .09  .09  .1525.KENSINGTON_WHEATO 14  .05  .25  .22  .22  .23  .0225.KENSINGTON_WHEATO 24  .06  .31  .28  .17  .15  .0226.ASPEN_HILL         2  .06  .21  .26  .19  .07  .2126.ASPEN_HILL         3  .03  .21  .31  .10  .35  .0026.ASPEN_HILL         4  .27  .48  .25  .00  .00  .0026.ASPEN_HILL        14  .07  .24  .27  .15  .13  .1326.ASPEN_HILL        24  .07  .24  .27  .15  .13  .1327.FAIRLAND_WHITE_OA  1  .00  .00  .01  .42  .32  .2527.FAIRLAND_WHITE_OA  2  .00  .27  .44  .24  .04  .0127.FAIRLAND_WHITE_OA  3  .06  .48  .19  .15  .10  .0227.FAIRLAND_WHITE_OA  4  .32  .23  .22  .23  .00  .0027.FAIRLAND_WHITE_OA 14  .02  .21  .24  .29  .15  .1027.FAIRLAND_WHITE_OA 24  .03  .32  .37  .21  .05  .0228.CLOVERLY           2  .00  .15  .34  .37  .14  .0028.CLOVERLY           3  .10  .43  .29  .18  .00  .0028.CLOVERLY           4  .19  .15  .66  .00  .00  .0028.CLOVERLY          14  .06  .27  .35  .25  .06  .0028.CLOVERLY          24  .06  .27  .35  .25  .06  .0029.OLNEY              2  .03  .27  .24  .27  .18  .0029.OLNEY              3  .34  .26  .30  .10  .00  .0029.OLNEY              4  .13  .69  .18  .00  .00  .0029.OLNEY             14  .11  .33  .24  .20  .12  .0029.OLNEY             24  .11  .33  .24  .20  .12  .0030.GAITHERSBURG       1  .03  .10  .21  .21  .45  .0030.GAITHERSBURG       2  .08  .26  .26  .21  .15  .0430.GAITHERSBURG       3  .37  .26  .08  .03  .07  .1930.GAITHERSBURG       4  .28  .35  .37  .00  .00  .0030.GAITHERSBURG      14  .08  .18  .22  .20  .29  .0330.GAITHERSBURG      24  .13  .26  .24  .18  .13  .0631.DERWOOD_NEEDWOOD   1  .03  .31  .45  .03  .18  .0031.DERWOOD_NEEDWOOD   2  .09  .33  .36  .14  .07  .0031.DERWOOD_NEEDWOOD   3  .36  .47  .17  .00  .00  .0031.DERWOOD_NEEDWOOD   4  .05  .42  .37  .15  .00  .0031.DERWOOD_NEEDWOOD  14  .11  .36  .36  .10  .07  .0031.DERWOOD_NEEDWOOD  24  .13  .38  .33  .12  .05  .0032.MONTGOMERY_VILLAG  2  .10  .33  .11  .10  .18  .1932.MONTGOMERY_VILLAG  3  .25  .43  .18  .02  .00  .1232.MONTGOMERY_VILLAG  4  .30  .25  .35  .10  .00  .0032.MONTGOMERY_VILLAG 14  .17  .36  .16  .07  .10  .1532.MONTGOMERY_VILLAG 24  .17  .36  .16  .07  .10  .1533.NORTH_POTOMAC      2  .00  .17  .25  .23  .27  .0833.NORTH_POTOMAC      3  .18  .59  .23  .00  .00  .0033.NORTH_POTOMAC      4  .21  .49  .00  .29  .00  .0033.NORTH_POTOMAC     14  .06  .28  .22  .19  .19  .0533.NORTH_POTOMAC     24  .06  .28  .22  .19  .19  .0534.R_&_D_VILLAGE      1  .00  .00  .37  .49  .14  .0034.R_&_D_VILLAGE      2  .25  .51  .15  .06  .00  .0334.R_&_D_VILLAGE      3  .15  .51  .34  .00  .00  .0034.R_&_D_VILLAGE      4  .31  .26  .42  .00  .00  .0034.R_&_D_VILLAGE     14  .14  .32  .28  .20  .05  .0134.R_&_D_VILLAGE     24  .22  .50  .23  .03  .00  .0235.GERMANTOWN_WEST    1  .00  .20  .06  .21  .12  .4235.GERMANTOWN_WEST    2  .14  .26  .35  .11  .11  .0335.GERMANTOWN_WEST    3  .51  .23  .21  .05  .00  .0035.GERMANTOWN_WEST    4  .57  .31  .00  .11  .00  .0035.GERMANTOWN_WEST   14  .16  .24  .24  .13  .10  .1335.GERMANTOWN_WEST   24  .22  .26  .31  .10  .09  .0336.GERMANTOWN_EAST    1  .00  .11  .17  .08  .36  .2836.GERMANTOWN_EAST    2  .04  .24  .26  .21  .09  .1636.GERMANTOWN_EAST    3  .09  .12  .16  .19  .13  .3136.GERMANTOWN_EAST    4  .23  .47  .00  .30  .00  .0036.GERMANTOWN_EAST   14  .03  .17  .18  .14  .24  .2336.GERMANTOWN_EAST   24  .07  .24  .20  .22  .09  .1737.DAMASCUS           2  .01  .04  .00  .27  .53  .1437.DAMASCUS           3  .04  .10  .19  .24  .19  .2437.DAMASCUS           4  .30  .25  .00  .00  .45  .0037.DAMASCUS          14  .05  .10  .12  .23  .31  .1937.DAMASCUS          24  .05  .10  .12  .23  .31  .1938.PATUXENT_EAST      2  .01  .13  .39  .38  .09  .0038.PATUXENT_EAST      3  .02  .42  .57  .00  .00  .0038.PATUXENT_EAST      4  .71  .29  .00  .00  .00  .0038.PATUXENT_EAST     14  .02  .23  .45  .24  .06  .0038.PATUXENT_EAST     24  .02  .23  .45  .24  .06  .0055.PATUXENT_MID       2  .10  .14  .23  .23  .31  .0055.PATUXENT_MID       3  .20  .21  .50  .04  .00  .0555.PATUXENT_MID       4  .00  .06  .61  .32  .00  .0055.PATUXENT_MID      14  .09  .13  .49  .20  .06  .0255.PATUXENT_MID      24  .09  .13  .49  .20  .06  .0256.PATUXENT_WEST      2  .00  .19  .00  .00  .81  .0056.PATUXENT_WEST      3  .00  .00  .06  .43  .00  .5156.PATUXENT_WEST      4  .03  .31  .00  .00  .65  .0056.PATUXENT_WEST     14  .01  .19  .02  .11  .53  .1356.PATUXENT_WEST     24  .01  .19  .02  .11  .53  .1339.UPPER_ROCK_CREEK   2  .17  .35  .47  .00  .00  .0039.UPPER_ROCK_CREEK   3  .17  .29  .09  .46  .00  .0039.UPPER_ROCK_CREEK   4  .08  .26  .56  .11  .00  .0039.UPPER_ROCK_CREEK  14  .14  .30  .36  .20  .00  .0039.UPPER_ROCK_CREEK  24  .14  .30  .36  .20  .00  .0040.CLARKSBURG         1  .00  .06  .24  .00  .05  .6540.CLARKSBURG         2  .00  .31  .04  .33  .00  .3340.CLARKSBURG         3  .07  .19  .46  .00  .00  .2940.CLARKSBURG         4  .26  .74  .00  .00  .00  .0040.CLARKSBURG        14  .02  .15  .26  .06  .03  .4840.CLARKSBURG        24  .04  .24  .29  .13  .00  .3041.GOSHEN             2  .15  .06  .27  .14  .13  .2441.GOSHEN             3  .12  .21  .22  .09  .25  .1141.GOSHEN             4  .07  .32  .16  .19  .26  .0041.GOSHEN            14  .12  .18  .23  .12  .21  .1341.GOSHEN            24  .12  .18  .23  .12  .21  .1354.DICKERSON          2  .16  .00  .52  .32  .00  .0054.DICKERSON          3  .33  .05  .26  .13  .00  .2354.DICKERSON          4 1.00  .00  .00  .00  .00  .0054.DICKERSON         14  .34  .03  .31  .17  .00  .1554.DICKERSON         24  .34  .03  .31  .17  .00  .1558.LOWER_SENECA       2  .20  .21  .00  .12  .47  .0058.LOWER_SENECA       3  .22  .10  .68  .00  .00  .0058.LOWER_SENECA       4  .13  .87  .00  .00  .00  .0058.LOWER_SENECA      14  .19  .32  .09  .08  .32  .0058.LOWER_SENECA      24  .19  .32  .09  .08  .32  .0059.DARNESTOWN         2  .11  .22  .26  .29  .13  .0059.DARNESTOWN         3  .13  .35  .51  .00  .00  .0059.DARNESTOWN         4 1.00  .00  .00  .00  .00  .0059.DARNESTOWN        14  .13  .26  .34  .19  .09  .0059.DARNESTOWN        24  .13  .26  .34  .19  .09  .0060.TRAVILAH           2  .06  .17  .37  .40  .00  .0060.TRAVILAH           3  .28  .53  .10  .00  .08  .0060.TRAVILAH           4  .18  .29  .14  .22  .16  .0060.TRAVILAH          14  .19  .36  .19  .18  .08  .0060.TRAVILAH          24  .19  .36  .19  .18  .08  .0061.BENNETT            1  .00  .00  .33  .00  .00  .6761.BENNETT            2  .14  .22  .00  .00  .64  .0061.BENNETT            3  .12  .10  .16  .32  .04  .2761.BENNETT            4  .09  .17  .28  .00  .33  .1361.BENNETT           14  .07  .09  .22  .11  .15  .3661.BENNETT           24  .12  .14  .16  .17  .23  .1842.POOLESVILLE        2  .20  .54  .00  .26  .00  .0042.POOLESVILLE        3  .68  .12  .13  .07  .00  .0042.POOLESVILLE        4  .49  .51  .00  .00  .00  .0042.POOLESVILLE       14  .51  .32  .07  .11  .00  .0042.POOLESVILLE       24  .51  .32  .07  .11  .00  .00