rep.SIMLOS (Simulated Level Of Service percentages)                    rt    A    B    C    D    E    F==============================================================00.Washington_DC      1  .02  .09  .30  .26  .27  .0600.Washington_DC      2  .06  .19  .33  .27  .13  .0200.Washington_DC      3  .08  .23  .30  .22  .13  .0300.Washington_DC      4  .02  .01  .10  .72  .16  .0000.Washington_DC     14  .04  .15  .31  .28  .18  .0400.Washington_DC     24  .06  .19  .31  .30  .13  .0202.Prince_Georges     1  .01  .03  .10  .53  .28  .0502.Prince_Georges     2  .04  .20  .31  .28  .14  .0402.Prince_Georges     3  .04  .16  .26  .31  .13  .1002.Prince_Georges     4  .04  .10  .23  .42  .14  .0802.Prince_Georges    14  .02  .09  .18  .44  .22  .0602.Prince_Georges    24  .04  .17  .28  .32  .14  .0603.Alexandria         1  .01  .04  .19  .63  .11  .0203.Alexandria         2  .14  .20  .33  .22  .08  .0203.Alexandria         3  .14  .28  .32  .13  .12  .0103.Alexandria         4  .09  .08  .23  .32  .27  .0203.Alexandria        14  .08  .15  .27  .37  .11  .0203.Alexandria        24  .14  .24  .32  .18  .11  .0204.Arlington          1  .01  .09  .15  .41  .29  .0504.Arlington          2  .06  .24  .32  .21  .12  .0604.Arlington          3  .11  .23  .35  .20  .10  .0104.Arlington          4  .15  .04  .56  .14  .07  .0404.Arlington         14  .04  .14  .22  .33  .22  .0504.Arlington         24  .09  .23  .34  .20  .11  .0305.Fairfax            1  .01  .06  .19  .34  .26  .1505.Fairfax            2  .02  .14  .25  .29  .20  .1005.Fairfax            3  .05  .15  .24  .24  .20  .1305.Fairfax            4  .04  .12  .21  .29  .16  .1705.Fairfax           14  .02  .11  .22  .30  .22  .1305.Fairfax           24  .04  .15  .24  .26  .20  .1206.Loudoun            1  .03  .78  .12  .08  .00  .0006.Loudoun            2  .03  .31  .19  .39  .05  .0306.Loudoun            3  .03  .15  .00  .21  .30  .3106.Loudoun            4  .06  .05  .36  .24  .21  .0806.Loudoun           14  .03  .28  .18  .33  .10  .0806.Loudoun           24  .03  .25  .19  .34  .11  .0807.Prince_William     1  .14  .17  .16  .30  .10  .1307.Prince_William     2  .12  .21  .24  .10  .16  .1707.Prince_William     3  .02  .09  .28  .04  .48  .0907.Prince_William     4  .05  .07  .14  .42  .20  .1207.Prince_William    14  .10  .15  .21  .21  .21  .1407.Prince_William    24  .08  .14  .23  .16  .26  .1409.Frederick          1  .15  .25  .19  .20  .14  .0609.Frederick          2  .07  .25  .21  .20  .23  .0409.Frederick          3  .16  .29  .19  .20  .11  .0509.Frederick          4  .09  .27  .16  .26  .20  .0309.Frederick         14  .13  .26  .19  .20  .16  .0509.Frederick         24  .10  .27  .20  .21  .18  .0410.Baltimore_City     1  .02  .18  .53  .27  .00  .0010.Baltimore_City     2  .10  .25  .31  .22  .07  .0510.Baltimore_City     3  .10  .26  .30  .21  .10  .0310.Baltimore_City    14  .07  .23  .38  .24  .05  .0310.Baltimore_City    24  .10  .25  .30  .22  .08  .0411.Baltimore_Co       1  .03  .05  .38  .41  .08  .0411.Baltimore_Co       2  .06  .12  .23  .29  .21  .1011.Baltimore_Co       3  .04  .10  .20  .21  .28  .1711.Baltimore_Co      14  .04  .08  .30  .33  .16  .0811.Baltimore_Co      24  .05  .11  .22  .25  .24  .1312.Harford            1  .16  .11  .47  .25  .02  .0012.Harford            2  .05  .04  .17  .23  .51  .0112.Harford            3  .04  .16  .08  .32  .19  .2112.Harford           14  .08  .10  .24  .27  .23  .0812.Harford           24  .04  .10  .12  .28  .34  .1213.Carroll            1  .00  .32  .65  .01  .00  .0213.Carroll            2  .01  .54  .37  .00  .08  .0013.Carroll            3  .02  .21  .27  .31  .15  .0313.Carroll           14  .02  .26  .34  .24  .12  .0313.Carroll           24  .02  .25  .28  .27  .15  .0314.Howard             1  .00  .07  .17  .30  .43  .0214.Howard             2  .01  .03  .10  .37  .29  .2014.Howard             3  .02  .05  .23  .36  .20  .1414.Howard            14  .01  .06  .17  .33  .34  .0914.Howard            24  .02  .04  .17  .36  .24  .1715.Anne_Arundel       1  .02  .05  .22  .28  .38  .0515.Anne_Arundel       2  .03  .09  .23  .23  .20  .2215.Anne_Arundel       3  .04  .09  .23  .19  .18  .2615.Anne_Arundel      14  .03  .07  .22  .25  .29  .1315.Anne_Arundel      24  .04  .09  .23  .21  .19  .2420.BETHESDA_CHEVY_CH  1  .00  .03  .18  .21  .24  .3420.BETHESDA_CHEVY_CH  2  .02  .23  .39  .17  .10  .0820.BETHESDA_CHEVY_CH  3  .07  .26  .32  .15  .08  .1120.BETHESDA_CHEVY_CH  4  .11  .33  .19  .20  .14  .0420.BETHESDA_CHEVY_CH 14  .02  .13  .25  .19  .18  .2320.BETHESDA_CHEVY_CH 24  .04  .25  .35  .17  .10  .0821.SILVER_SPRING      1  .00  .00  .00  .27  .73  .0021.SILVER_SPRING      2  .01  .21  .23  .15  .07  .3221.SILVER_SPRING      3  .13  .28  .17  .08  .04  .2921.SILVER_SPRING      4  .10  .23  .27  .14  .03  .2421.SILVER_SPRING     14  .03  .16  .15  .18  .27  .2121.SILVER_SPRING     24  .05  .23  .22  .14  .06  .3022.POTOMAC            1  .02  .01  .01  .63  .17  .1622.POTOMAC            2  .02  .18  .42  .13  .05  .1822.POTOMAC            3  .15  .35  .27  .06  .08  .0822.POTOMAC            4  .13  .22  .27  .38  .00  .0022.POTOMAC           14  .06  .14  .18  .39  .11  .1322.POTOMAC           24  .10  .25  .33  .17  .05  .1023.N_BETHESDA         1  .00  .06  .00  .25  .59  .1023.N_BETHESDA         2  .01  .37  .32  .22  .05  .0423.N_BETHESDA         3  .07  .29  .37  .12  .16  .0023.N_BETHESDA         4  .22  .30  .30  .18  .00  .0023.N_BETHESDA        14  .04  .26  .25  .19  .22  .0423.N_BETHESDA        24  .06  .33  .34  .17  .08  .0224.ROCKVILLE          1  .00  .00  .18  .31  .47  .0424.ROCKVILLE          2  .03  .27  .41  .16  .05  .0724.ROCKVILLE          3  .13  .53  .34  .00  .00  .0024.ROCKVILLE          4  .13  .35  .42  .10  .00  .0024.ROCKVILLE         14  .03  .17  .29  .21  .25  .0424.ROCKVILLE         24  .06  .33  .40  .12  .04  .0525.KENSINGTON_WHEATO  1  .00  .00  .00  .41  .59  .0025.KENSINGTON_WHEATO  2  .02  .29  .28  .27  .10  .0425.KENSINGTON_WHEATO  3  .18  .50  .27  .06  .00  .0025.KENSINGTON_WHEATO  4  .24  .33  .13  .14  .00  .1625.KENSINGTON_WHEATO 14  .04  .25  .22  .27  .18  .0425.KENSINGTON_WHEATO 24  .05  .31  .27  .23  .08  .0426.ASPEN_HILL         2  .05  .17  .21  .19  .11  .2726.ASPEN_HILL         3  .03  .23  .25  .35  .13  .0026.ASPEN_HILL         4  .28  .48  .24  .00  .00  .0026.ASPEN_HILL        14  .07  .22  .22  .21  .11  .1826.ASPEN_HILL        24  .07  .22  .22  .21  .11  .1827.FAIRLAND_WHITE_OA  1  .00  .00  .00  .43  .57  .0027.FAIRLAND_WHITE_OA  2  .01  .29  .32  .33  .04  .0127.FAIRLAND_WHITE_OA  3  .10  .47  .14  .11  .15  .0227.FAIRLAND_WHITE_OA  4  .17  .20  .24  .34  .00  .0527.FAIRLAND_WHITE_OA 14  .03  .21  .17  .33  .25  .0127.FAIRLAND_WHITE_OA 24  .04  .33  .27  .27  .07  .0128.CLOVERLY           2  .00  .20  .34  .27  .19  .0028.CLOVERLY           3  .04  .18  .50  .18  .10  .0028.CLOVERLY           4  .27  .08  .65  .00  .00  .0028.CLOVERLY          14  .05  .18  .45  .19  .13  .0028.CLOVERLY          24  .05  .18  .45  .19  .13  .0029.OLNEY              2  .04  .30  .24  .33  .08  .0229.OLNEY              3  .31  .23  .27  .14  .04  .0029.OLNEY              4  .13  .38  .50  .00  .00  .0029.OLNEY             14  .11  .29  .29  .24  .06  .0129.OLNEY             24  .11  .29  .29  .24  .06  .0130.GAITHERSBURG       1  .03  .11  .16  .24  .45  .0030.GAITHERSBURG       2  .09  .26  .27  .21  .11  .0730.GAITHERSBURG       3  .41  .30  .16  .00  .13  .0030.GAITHERSBURG       4  .29  .51  .00  .19  .00  .0030.GAITHERSBURG      14  .08  .19  .21  .21  .28  .0330.GAITHERSBURG      24  .13  .27  .25  .18  .11  .0631.DERWOOD_NEEDWOOD   1  .00  .31  .39  .13  .17  .0031.DERWOOD_NEEDWOOD   2  .08  .29  .36  .13  .10  .0331.DERWOOD_NEEDWOOD   3  .41  .38  .21  .00  .00  .0031.DERWOOD_NEEDWOOD   4  .06  .25  .34  .27  .08  .0031.DERWOOD_NEEDWOOD  14  .11  .30  .34  .14  .10  .0131.DERWOOD_NEEDWOOD  24  .14  .30  .33  .14  .08  .0232.MONTGOMERY_VILLAG  2  .11  .39  .26  .17  .07  .0032.MONTGOMERY_VILLAG  3  .49  .34  .14  .00  .04  .0032.MONTGOMERY_VILLAG  4  .46  .17  .19  .18  .00  .0032.MONTGOMERY_VILLAG 14  .26  .36  .21  .11  .05  .0032.MONTGOMERY_VILLAG 24  .26  .36  .21  .11  .05  .0033.NORTH_POTOMAC      1  .00  .00  .00 1.00  .00  .0033.NORTH_POTOMAC      2  .02  .16  .51  .08  .16  .0833.NORTH_POTOMAC      3  .22  .42  .25  .11  .00  .0033.NORTH_POTOMAC      4  .52  .00  .48  .00  .00  .0033.NORTH_POTOMAC     14  .11  .21  .42  .11  .10  .0533.NORTH_POTOMAC     24  .12  .22  .43  .08  .10  .0534.R_&_D_VILLAGE      1  .00  .00  .38  .49  .14  .0034.R_&_D_VILLAGE      2  .27  .45  .18  .00  .07  .0334.R_&_D_VILLAGE      3  .22  .36  .42  .00  .00  .0034.R_&_D_VILLAGE      4  .33  .21  .46  .00  .00  .0034.R_&_D_VILLAGE     14  .16  .26  .32  .18  .07  .0134.R_&_D_VILLAGE     24  .25  .41  .29  .00  .04  .0235.GERMANTOWN_WEST    1  .00  .21  .06  .46  .12  .1535.GERMANTOWN_WEST    2  .17  .27  .29  .16  .11  .0035.GERMANTOWN_WEST    3  .44  .35  .21  .00  .00  .0035.GERMANTOWN_WEST    4  .52  .48  .00  .00  .00  .0035.GERMANTOWN_WEST   14  .16  .27  .22  .21  .10  .0435.GERMANTOWN_WEST   24  .22  .29  .27  .13  .09  .0036.GERMANTOWN_EAST    1  .00  .12  .18  .17  .35  .1836.GERMANTOWN_EAST    2  .12  .28  .34  .12  .00  .1436.GERMANTOWN_EAST    3  .13  .19  .27  .40  .00  .0036.GERMANTOWN_EAST    4  .09  .50  .41  .00  .00  .0036.GERMANTOWN_EAST   14  .05  .20  .25  .16  .19  .1436.GERMANTOWN_EAST   24  .12  .30  .34  .14  .00  .1037.DAMASCUS           2  .05  .00  .15  .00  .65  .1537.DAMASCUS           3  .03  .12  .07  .20  .36  .2237.DAMASCUS           4  .34  .18  .00  .00  .48  .0037.DAMASCUS          14  .06  .09  .08  .13  .45  .1837.DAMASCUS          24  .06  .09  .08  .13  .45  .1838.PATUXENT_EAST      2  .01  .11  .53  .25  .09  .0038.PATUXENT_EAST      3  .03  .41  .54  .02  .00  .0038.PATUXENT_EAST      4  .65  .35  .00  .00  .00  .0038.PATUXENT_EAST     14  .03  .22  .53  .16  .06  .0038.PATUXENT_EAST     24  .03  .22  .53  .16  .06  .0055.PATUXENT_MID       2  .10  .14  .23  .53  .00  .0055.PATUXENT_MID       3  .22  .41  .28  .04  .00  .0555.PATUXENT_MID       4  .01  .04  .62  .32  .00  .0055.PATUXENT_MID      14  .11  .19  .42  .26  .00  .0255.PATUXENT_MID      24  .11  .19  .42  .26  .00  .0256.PATUXENT_WEST      2  .17  .00  .00  .00  .43  .4056.PATUXENT_WEST      3  .00  .00  .06  .43  .00  .5156.PATUXENT_WEST      4  .05  .09  .20  .00  .67  .0056.PATUXENT_WEST     14  .07  .04  .10  .11  .42  .2656.PATUXENT_WEST     24  .07  .04  .10  .11  .42  .2639.UPPER_ROCK_CREEK   2  .14  .53  .17  .16  .00  .0039.UPPER_ROCK_CREEK   3  .12  .32  .19  .37  .00  .0039.UPPER_ROCK_CREEK   4  .08  .21  .52  .20  .00  .0039.UPPER_ROCK_CREEK  14  .11  .35  .29  .25  .00  .0039.UPPER_ROCK_CREEK  24  .11  .35  .29  .25  .00  .0040.CLARKSBURG         1  .00  .06  .25  .00  .05  .6440.CLARKSBURG         2  .04  .20  .05  .26  .10  .3440.CLARKSBURG         3  .06  .15  .24  .28  .00  .2740.CLARKSBURG         4 1.00  .00  .00  .00  .00  .0040.CLARKSBURG        14  .03  .12  .21  .13  .04  .4740.CLARKSBURG        24  .06  .17  .16  .27  .04  .3041.GOSHEN             2  .15  .03  .30  .00  .15  .3741.GOSHEN             3  .14  .17  .36  .06  .26  .0041.GOSHEN             4  .12  .13  .27  .20  .28  .0041.GOSHEN            14  .14  .12  .33  .06  .23  .1241.GOSHEN            24  .14  .12  .33  .06  .23  .1254.DICKERSON          2  .17  .00  .59  .25  .00  .0054.DICKERSON          3  .29  .10  .34  .06  .00  .2154.DICKERSON          4  .42  .58  .00  .00  .00  .0054.DICKERSON         14  .28  .14  .35  .10  .00  .1354.DICKERSON         24  .28  .14  .35  .10  .00  .1358.LOWER_SENECA       2  .24  .12  .00  .44  .21  .0058.LOWER_SENECA       3  .21  .10  .00  .69  .00  .0058.LOWER_SENECA       4  .56  .44  .00  .00  .00  .0058.LOWER_SENECA      14  .28  .17  .00  .41  .14  .0058.LOWER_SENECA      24  .28  .17  .00  .41  .14  .0059.DARNESTOWN         2  .16  .19  .20  .32  .13  .0059.DARNESTOWN         3  .21  .26  .53  .00  .00  .0059.DARNESTOWN         4 1.00  .00  .00  .00  .00  .0059.DARNESTOWN        14  .18  .21  .30  .22  .09  .0059.DARNESTOWN        24  .18  .21  .30  .22  .09  .0060.TRAVILAH           2  .06  .18  .36  .26  .14  .0060.TRAVILAH           3  .24  .59  .10  .00  .08  .0060.TRAVILAH           4  .28  .23  .07  .24  .18  .0060.TRAVILAH          14  .20  .36  .16  .15  .13  .0060.TRAVILAH          24  .20  .36  .16  .15  .13  .0061.BENNETT            1  .00  .00  .35  .00  .00  .6561.BENNETT            2  .13  .24  .00  .00  .63  .0061.BENNETT            3  .10  .15  .11  .33  .04  .2661.BENNETT            4  .06  .13  .37  .00  .32  .1161.BENNETT           14  .06  .10  .23  .11  .15  .3561.BENNETT           24  .09  .16  .17  .17  .23  .1742.POOLESVILLE        2  .70  .00  .30  .00  .00  .0042.POOLESVILLE        3  .81  .19  .00  .00  .00  .0042.POOLESVILLE        4  .25  .75  .00  .00  .00  .0042.POOLESVILLE       14  .67  .22  .11  .00  .00  .0042.POOLESVILLE       24  .67  .22  .11  .00  .00  .00