rep.SIMLOS (Simulated Level Of Service percentages)                    rt    A    B    C    D    E    F==============================================================00.Washington_DC      1  .02  .07  .24  .31  .21  .1500.Washington_DC      2  .05  .15  .30  .31  .15  .0400.Washington_DC      3  .07  .21  .26  .29  .13  .0400.Washington_DC      4  .19  .25  .20  .17  .19  .0000.Washington_DC     14  .04  .13  .28  .31  .17  .0700.Washington_DC     24  .05  .16  .30  .31  .15  .0402.Prince_Georges     1  .01  .02  .09  .56  .26  .0602.Prince_Georges     2  .02  .15  .24  .33  .21  .0502.Prince_Georges     3  .03  .16  .23  .28  .16  .1302.Prince_Georges     4  .03  .12  .31  .28  .13  .1202.Prince_Georges    14  .02  .08  .17  .45  .22  .0702.Prince_Georges    24  .03  .15  .25  .31  .18  .0903.Alexandria         1  .01  .04  .18  .63  .09  .0503.Alexandria         2  .10  .19  .29  .21  .11  .0903.Alexandria         3  .12  .25  .34  .16  .07  .0603.Alexandria         4  .13  .15  .16  .06  .26  .2303.Alexandria        14  .07  .14  .26  .36  .10  .0703.Alexandria        24  .11  .21  .31  .18  .10  .0804.Arlington          1  .00  .08  .12  .38  .26  .1604.Arlington          2  .04  .17  .28  .35  .14  .0304.Arlington          3  .08  .22  .30  .30  .08  .0104.Arlington          4  .13  .26  .34  .19  .05  .0404.Arlington         14  .03  .13  .20  .35  .19  .0904.Arlington         24  .06  .19  .29  .32  .11  .0205.Fairfax            1  .01  .03  .16  .36  .19  .2605.Fairfax            2  .02  .09  .19  .25  .30  .1505.Fairfax            3  .02  .08  .20  .28  .23  .1905.Fairfax            4  .02  .09  .16  .25  .24  .2405.Fairfax           14  .01  .06  .18  .31  .23  .2205.Fairfax           24  .02  .08  .20  .27  .25  .1806.Loudoun            1  .03  .97  .00  .00  .00  .0006.Loudoun            2  .02  .14  .16  .50  .10  .0806.Loudoun            3  .00  .08  .15  .46  .13  .1706.Loudoun            4  .05  .11  .23  .47  .10  .0506.Loudoun           14  .02  .16  .16  .44  .11  .1006.Loudoun           24  .02  .11  .17  .48  .11  .1107.Prince_William     1  .14  .15  .19  .29  .10  .1307.Prince_William     2  .24  .20  .39  .08  .00  .0907.Prince_William     3  .04  .07  .18  .17  .19  .3607.Prince_William     4  .02  .13  .13  .23  .12  .3607.Prince_William    14  .08  .13  .18  .23  .12  .2507.Prince_William    24  .05  .11  .17  .19  .14  .3409.Frederick          1  .14  .17  .27  .22  .19  .0209.Frederick          2  .06  .19  .22  .33  .16  .0309.Frederick          3  .16  .25  .28  .16  .13  .0109.Frederick          4  .09  .18  .25  .32  .13  .0309.Frederick         14  .12  .19  .26  .24  .17  .0209.Frederick         24  .10  .21  .25  .27  .15  .0210.Baltimore_City     1  .02  .16  .51  .31  .00  .0010.Baltimore_City     2  .07  .22  .30  .24  .12  .0610.Baltimore_City     3  .08  .23  .27  .29  .07  .0610.Baltimore_City    14  .06  .20  .36  .27  .07  .0410.Baltimore_City    24  .08  .22  .29  .25  .10  .0611.Baltimore_Co       1  .02  .07  .34  .42  .11  .0511.Baltimore_Co       2  .05  .10  .23  .28  .20  .1311.Baltimore_Co       3  .03  .09  .21  .19  .26  .2111.Baltimore_Co      14  .03  .08  .28  .33  .17  .1111.Baltimore_Co      24  .04  .10  .22  .24  .23  .1712.Harford            1  .15  .10  .19  .53  .02  .0012.Harford            2  .05  .03  .12  .28  .45  .0712.Harford            3  .03  .11  .13  .24  .26  .2312.Harford           14  .08  .08  .15  .35  .24  .1012.Harford           24  .04  .07  .12  .26  .35  .1513.Carroll            1  .00  .32  .64  .00  .02  .0313.Carroll            2  .02  .54  .36  .00  .08  .0013.Carroll            3  .01  .27  .23  .32  .14  .0313.Carroll           14  .01  .30  .30  .24  .11  .0313.Carroll           24  .01  .30  .24  .28  .13  .0314.Howard             1  .00  .06  .19  .35  .38  .0314.Howard             2  .02  .01  .13  .36  .24  .2414.Howard             3  .01  .06  .26  .29  .22  .1614.Howard            14  .01  .05  .19  .34  .31  .1114.Howard            24  .01  .04  .20  .32  .23  .1915.Anne_Arundel       1  .02  .06  .22  .32  .33  .0515.Anne_Arundel       2  .02  .09  .25  .18  .24  .2215.Anne_Arundel       3  .04  .09  .21  .20  .22  .2415.Anne_Arundel      14  .02  .07  .23  .26  .28  .1315.Anne_Arundel      24  .03  .09  .23  .19  .23  .2320.BETHESDA_CHEVY_CH  1  .00  .03  .11  .20  .33  .3320.BETHESDA_CHEVY_CH  2  .03  .29  .42  .18  .06  .0320.BETHESDA_CHEVY_CH  3  .08  .23  .32  .11  .22  .0420.BETHESDA_CHEVY_CH  4  .08  .14  .25  .18  .09  .2620.BETHESDA_CHEVY_CH 14  .02  .14  .24  .18  .22  .2020.BETHESDA_CHEVY_CH 24  .05  .25  .37  .16  .10  .0621.SILVER_SPRING      1  .00  .00  .20  .13  .67  .0021.SILVER_SPRING      2  .02  .22  .31  .11  .04  .3021.SILVER_SPRING      3  .15  .28  .16  .06  .02  .3321.SILVER_SPRING      4  .07  .12  .22  .18  .10  .3221.SILVER_SPRING     14  .04  .16  .25  .11  .23  .2221.SILVER_SPRING     24  .05  .22  .27  .11  .04  .3122.POTOMAC            1  .02  .01  .00  .08  .63  .2622.POTOMAC            2  .04  .25  .30  .18  .00  .2222.POTOMAC            3  .15  .27  .36  .12  .00  .0922.POTOMAC            4  .07  .16  .28  .22  .19  .0822.POTOMAC           14  .05  .13  .17  .13  .32  .2022.POTOMAC           24  .09  .24  .32  .17  .05  .1423.N_BETHESDA         1  .00  .06  .00  .23  .03  .6723.N_BETHESDA         2  .01  .25  .45  .17  .12  .0023.N_BETHESDA         3  .03  .30  .37  .10  .15  .0423.N_BETHESDA         4  .10  .28  .14  .24  .18  .0623.N_BETHESDA        14  .02  .23  .30  .17  .12  .1723.N_BETHESDA        24  .03  .27  .38  .15  .14  .0224.ROCKVILLE          1  .00  .00  .18  .30  .48  .0424.ROCKVILLE          2  .05  .29  .38  .16  .05  .0724.ROCKVILLE          3  .08  .50  .36  .06  .00  .0024.ROCKVILLE          4  .04  .25  .26  .26  .14  .0624.ROCKVILLE         14  .03  .17  .27  .23  .26  .0524.ROCKVILLE         24  .05  .33  .36  .16  .05  .0625.KENSINGTON_WHEATO  1  .00  .00  .26  .20  .54  .0025.KENSINGTON_WHEATO  2  .02  .27  .30  .23  .17  .0225.KENSINGTON_WHEATO  3  .10  .37  .36  .15  .02  .0025.KENSINGTON_WHEATO  4  .09  .23  .18  .16  .08  .2525.KENSINGTON_WHEATO 14  .03  .22  .29  .21  .22  .0325.KENSINGTON_WHEATO 24  .03  .28  .30  .21  .14  .0326.ASPEN_HILL         2  .04  .15  .34  .16  .20  .1026.ASPEN_HILL         3  .02  .13  .29  .24  .29  .0426.ASPEN_HILL         4  .16  .36  .24  .23  .00  .0026.ASPEN_HILL        14  .05  .17  .32  .19  .20  .0826.ASPEN_HILL        24  .05  .17  .32  .19  .20  .0827.FAIRLAND_WHITE_OA  1  .00  .00  .08  .36  .56  .0027.FAIRLAND_WHITE_OA  2  .00  .30  .38  .24  .03  .0527.FAIRLAND_WHITE_OA  3  .05  .19  .36  .09  .23  .0927.FAIRLAND_WHITE_OA  4  .13  .14  .29  .08  .12  .2327.FAIRLAND_WHITE_OA 14  .01  .17  .27  .25  .25  .0427.FAIRLAND_WHITE_OA 24  .02  .26  .37  .19  .09  .0728.CLOVERLY           2  .02  .20  .23  .32  .17  .0628.CLOVERLY           3  .03  .24  .41  .14  .13  .0628.CLOVERLY           4  .11  .25  .00  .21  .43  .0028.CLOVERLY          14  .03  .22  .28  .23  .18  .0528.CLOVERLY          24  .03  .22  .28  .23  .18  .0529.OLNEY              2  .03  .23  .25  .40  .07  .0229.OLNEY              3  .14  .32  .22  .24  .00  .0829.OLNEY              4  .02  .30  .68  .00  .00  .0029.OLNEY             14  .06  .26  .29  .32  .05  .0329.OLNEY             24  .06  .26  .29  .32  .05  .0330.GAITHERSBURG       1  .03  .10  .16  .20  .48  .0230.GAITHERSBURG       2  .05  .27  .24  .23  .16  .0530.GAITHERSBURG       3  .20  .36  .03  .19  .00  .2230.GAITHERSBURG       4  .12  .53  .00  .20  .14  .0030.GAITHERSBURG      14  .06  .20  .18  .21  .30  .0530.GAITHERSBURG      24  .08  .29  .21  .22  .13  .0731.DERWOOD_NEEDWOOD   1  .01  .30  .40  .13  .16  .0031.DERWOOD_NEEDWOOD   2  .05  .29  .39  .20  .05  .0331.DERWOOD_NEEDWOOD   3  .19  .29  .43  .09  .00  .0031.DERWOOD_NEEDWOOD   4  .03  .15  .30  .47  .06  .0031.DERWOOD_NEEDWOOD  14  .06  .27  .38  .21  .07  .0131.DERWOOD_NEEDWOOD  24  .07  .26  .38  .23  .04  .0232.MONTGOMERY_VILLAG  2  .10  .32  .17  .11  .19  .1232.MONTGOMERY_VILLAG  3  .29  .22  .25  .08  .00  .1632.MONTGOMERY_VILLAG  4  .06  .49  .10  .25  .00  .1032.MONTGOMERY_VILLAG 14  .16  .30  .19  .11  .11  .1332.MONTGOMERY_VILLAG 24  .16  .30  .19  .11  .11  .1333.NORTH_POTOMAC      2  .00  .17  .02  .47  .27  .0733.NORTH_POTOMAC      3  .19  .37  .44  .00  .00  .0033.NORTH_POTOMAC      4  .11  .56  .00  .33  .00  .0033.NORTH_POTOMAC     14  .04  .24  .09  .38  .19  .0533.NORTH_POTOMAC     24  .04  .24  .09  .38  .19  .0534.R_&_D_VILLAGE      1  .00  .00  .37  .49  .14  .0034.R_&_D_VILLAGE      2  .30  .40  .19  .07  .00  .0434.R_&_D_VILLAGE      3  .10  .34  .32  .10  .14  .0034.R_&_D_VILLAGE      4  .00  .52  .00  .00  .48  .0034.R_&_D_VILLAGE     14  .13  .25  .29  .22  .10  .0134.R_&_D_VILLAGE     24  .21  .38  .24  .08  .08  .0235.GERMANTOWN_WEST    1  .00  .19  .06  .21  .00  .5435.GERMANTOWN_WEST    2  .16  .32  .27  .12  .11  .0235.GERMANTOWN_WEST    3  .46  .36  .09  .04  .06  .0035.GERMANTOWN_WEST    4  .19  .48  .22  .00  .00  .1135.GERMANTOWN_WEST   14  .15  .29  .19  .13  .07  .1735.GERMANTOWN_WEST   24  .21  .33  .24  .10  .09  .0236.GERMANTOWN_EAST    1  .00  .11  .17  .08  .31  .3336.GERMANTOWN_EAST    2  .03  .19  .26  .33  .12  .0736.GERMANTOWN_EAST    3  .10  .16  .22  .27  .10  .1636.GERMANTOWN_EAST    4  .06  .25  .15  .28  .20  .0536.GERMANTOWN_EAST   14  .02  .15  .20  .18  .23  .2236.GERMANTOWN_EAST   24  .05  .19  .24  .31  .13  .0837.DAMASCUS           2  .05  .17  .08  .55  .15  .0037.DAMASCUS           3  .06  .02  .44  .23  .17  .0837.DAMASCUS           4  .15  .11  .34  .00  .40  .0037.DAMASCUS          14  .07  .08  .32  .31  .18  .0537.DAMASCUS          24  .07  .08  .32  .31  .18  .0538.PATUXENT_EAST      2  .01  .19  .49  .19  .13  .0038.PATUXENT_EAST      3  .01  .30  .60  .09  .00  .0038.PATUXENT_EAST      4  .15  .85  .00  .00  .00  .0038.PATUXENT_EAST     14  .01  .24  .52  .15  .08  .0038.PATUXENT_EAST     24  .01  .24  .52  .15  .08  .0055.PATUXENT_MID       2  .05  .04  .14  .18  .28  .3155.PATUXENT_MID       3  .13  .25  .45  .12  .05  .0055.PATUXENT_MID       4  .00  .09  .27  .17  .19  .2755.PATUXENT_MID      14  .06  .14  .31  .15  .15  .1755.PATUXENT_MID      24  .06  .14  .31  .15  .15  .1756.PATUXENT_WEST      2  .17  .00  .00  .83  .00  .0056.PATUXENT_WEST      3  .00  .06  .00  .43  .51  .0056.PATUXENT_WEST      4  .03  .24  .00  .00  .72  .0056.PATUXENT_WEST     14  .07  .10  .00  .42  .40  .0056.PATUXENT_WEST     24  .07  .10  .00  .42  .40  .0039.UPPER_ROCK_CREEK   2  .21  .40  .39  .00  .00  .0039.UPPER_ROCK_CREEK   3  .16  .23  .13  .26  .22  .0039.UPPER_ROCK_CREEK   4  .05  .18  .35  .36  .00  .0739.UPPER_ROCK_CREEK  14  .14  .26  .29  .21  .08  .0339.UPPER_ROCK_CREEK  24  .14  .26  .29  .21  .08  .0340.CLARKSBURG         1  .00  .06  .24  .00  .51  .2040.CLARKSBURG         2  .08  .41  .17  .00  .34  .0040.CLARKSBURG         3  .15  .18  .36  .00  .00  .3140.CLARKSBURG         4 1.00  .00  .00  .00  .00  .0040.CLARKSBURG        14  .06  .16  .26  .00  .34  .1940.CLARKSBURG        24  .13  .27  .28  .00  .14  .1841.GOSHEN             2  .18  .00  .42  .14  .25  .0041.GOSHEN             3  .07  .30  .27  .35  .00  .0041.GOSHEN             4  .10  .17  .10  .17  .17  .2941.GOSHEN            14  .11  .19  .29  .26  .10  .0441.GOSHEN            24  .11  .19  .29  .26  .10  .0454.DICKERSON          2  .14  .00  .86  .00  .00  .0054.DICKERSON          3  .37  .21  .05  .15  .23  .0054.DICKERSON          4 1.00  .00  .00  .00  .00  .0054.DICKERSON         14  .36  .13  .28  .09  .14  .0054.DICKERSON         24  .36  .13  .28  .09  .14  .0058.LOWER_SENECA       2  .27  .17  .31  .08  .18  .0058.LOWER_SENECA       3  .32  .04  .64  .00  .00  .0058.LOWER_SENECA       4  .49  .51  .00  .00  .00  .0058.LOWER_SENECA      14  .31  .21  .30  .06  .13  .0058.LOWER_SENECA      24  .31  .21  .30  .06  .13  .0059.DARNESTOWN         2  .21  .16  .25  .37  .00  .0059.DARNESTOWN         3  .26  .46  .29  .00  .00  .0059.DARNESTOWN         4 1.00  .00  .00  .00  .00  .0059.DARNESTOWN        14  .23  .25  .26  .25  .00  .0059.DARNESTOWN        24  .23  .25  .26  .25  .00  .0060.TRAVILAH           2  .07  .58  .36  .00  .00  .0060.TRAVILAH           3  .40  .52  .00  .07  .00  .0060.TRAVILAH           4  .14  .23  .05  .32  .26  .0060.TRAVILAH          14  .22  .44  .12  .13  .09  .0060.TRAVILAH          24  .22  .44  .12  .13  .09  .0061.BENNETT            1  .00  .00  .33  .00  .67  .0061.BENNETT            2  .12  .21  .00  .00  .67  .0061.BENNETT            3  .14  .09  .39  .11  .11  .1661.BENNETT            4  .09  .28  .13  .00  .37  .1361.BENNETT           14  .08  .10  .28  .04  .43  .0761.BENNETT           24  .12  .16  .24  .06  .29  .1242.POOLESVILLE        2  .69  .00  .31  .00  .00  .0042.POOLESVILLE        3  .83  .17  .00  .00  .00  .0042.POOLESVILLE        4  .43  .57  .00  .00  .00  .0042.POOLESVILLE       14  .70  .21  .09  .00  .00  .0042.POOLESVILLE       24  .70  .21  .09  .00  .00  .00