rep.SIMLOS (Simulated Level Of Service percentages)                    rt    A    B    C    D    E    F==============================================================00.Washington_DC      1  .03  .07  .25  .32  .25  .0900.Washington_DC      2  .05  .18  .32  .30  .13  .0200.Washington_DC      3  .09  .20  .30  .26  .11  .0400.Washington_DC      4  .18  .26  .14  .32  .09  .0100.Washington_DC     14  .05  .14  .29  .30  .17  .0400.Washington_DC     24  .06  .18  .32  .30  .13  .0202.Prince_Georges     1  .01  .02  .09  .57  .26  .0502.Prince_Georges     2  .03  .17  .24  .33  .19  .0402.Prince_Georges     3  .04  .17  .23  .30  .17  .0902.Prince_Georges     4  .04  .14  .30  .26  .16  .1002.Prince_Georges    14  .02  .09  .16  .46  .22  .0602.Prince_Georges    24  .03  .16  .25  .31  .18  .0603.Alexandria         1  .00  .04  .31  .50  .09  .0503.Alexandria         2  .12  .31  .18  .17  .12  .1003.Alexandria         3  .12  .29  .33  .15  .04  .0603.Alexandria         4  .07  .14  .28  .25  .00  .2603.Alexandria        14  .07  .19  .28  .30  .09  .0703.Alexandria        24  .12  .30  .25  .16  .08  .0904.Arlington          1  .01  .07  .15  .39  .23  .1404.Arlington          2  .05  .18  .30  .34  .10  .0204.Arlington          3  .11  .27  .28  .23  .09  .0104.Arlington          4  .24  .24  .34  .12  .01  .0404.Arlington         14  .04  .14  .21  .35  .17  .0904.Arlington         24  .08  .22  .30  .29  .09  .0205.Fairfax            1  .01  .05  .19  .35  .18  .2205.Fairfax            2  .02  .11  .20  .30  .26  .1205.Fairfax            3  .03  .08  .24  .29  .20  .1505.Fairfax            4  .02  .10  .19  .30  .18  .2105.Fairfax           14  .02  .08  .20  .32  .20  .1805.Fairfax           24  .02  .09  .22  .29  .22  .1506.Loudoun            1  .03  .97  .00  .00  .00  .0006.Loudoun            2  .02  .13  .16  .50  .10  .0906.Loudoun            3  .00  .09  .16  .46  .12  .1706.Loudoun            4  .05  .12  .21  .46  .14  .0206.Loudoun           14  .02  .17  .16  .44  .11  .1006.Loudoun           24  .02  .11  .17  .47  .12  .1007.Prince_William     1  .16  .12  .33  .14  .11  .1407.Prince_William     2  .13  .33  .40  .07  .00  .0807.Prince_William     3  .05  .08  .19  .14  .22  .3307.Prince_William     4  .04  .16  .10  .22  .16  .3107.Prince_William    14  .10  .14  .23  .16  .14  .2307.Prince_William    24  .05  .15  .16  .17  .17  .2909.Frederick          1  .14  .20  .25  .20  .19  .0209.Frederick          2  .07  .23  .24  .19  .24  .0409.Frederick          3  .18  .30  .20  .22  .05  .0409.Frederick          4  .08  .24  .18  .26  .19  .0309.Frederick         14  .13  .22  .24  .21  .18  .0309.Frederick         24  .11  .26  .22  .21  .17  .0410.Baltimore_City     1  .02  .24  .45  .30  .00  .0010.Baltimore_City     2  .09  .25  .33  .19  .09  .0510.Baltimore_City     3  .10  .28  .32  .20  .09  .0210.Baltimore_City    14  .07  .25  .37  .23  .06  .0310.Baltimore_City    24  .09  .26  .33  .19  .09  .0411.Baltimore_Co       1  .02  .07  .38  .41  .08  .0411.Baltimore_Co       2  .06  .12  .26  .26  .25  .0511.Baltimore_Co       3  .04  .10  .21  .20  .29  .1611.Baltimore_Co      14  .03  .09  .31  .32  .18  .0711.Baltimore_Co      24  .05  .11  .24  .23  .27  .1012.Harford            1  .16  .11  .56  .16  .02  .0012.Harford            2  .04  .04  .20  .20  .46  .0712.Harford            3  .03  .17  .07  .33  .22  .1812.Harford           14  .07  .11  .27  .23  .23  .0812.Harford           24  .03  .11  .13  .26  .34  .1313.Carroll            1  .00  .33  .00  .64  .01  .0213.Carroll            2  .02  .54  .36  .00  .08  .0013.Carroll            3  .03  .20  .28  .31  .15  .0313.Carroll           14  .02  .25  .24  .33  .12  .0313.Carroll           24  .03  .24  .29  .27  .14  .0314.Howard             1  .00  .06  .15  .34  .43  .0214.Howard             2  .00  .03  .11  .36  .32  .1714.Howard             3  .02  .06  .19  .38  .22  .1314.Howard            14  .01  .05  .15  .35  .35  .0814.Howard            24  .01  .05  .16  .37  .27  .1515.Anne_Arundel       1  .02  .12  .15  .31  .35  .0515.Anne_Arundel       2  .02  .11  .25  .18  .23  .2115.Anne_Arundel       3  .05  .10  .22  .17  .20  .2615.Anne_Arundel      14  .03  .11  .19  .25  .29  .1315.Anne_Arundel      24  .03  .10  .24  .17  .22  .2320.BETHESDA_CHEVY_CH  1  .00  .00  .18  .16  .30  .3620.BETHESDA_CHEVY_CH  2  .01  .27  .37  .21  .09  .0420.BETHESDA_CHEVY_CH  3  .07  .28  .29  .20  .15  .0120.BETHESDA_CHEVY_CH  4  .13  .22  .34  .16  .07  .0820.BETHESDA_CHEVY_CH 14  .02  .12  .26  .18  .21  .2120.BETHESDA_CHEVY_CH 24  .04  .26  .35  .20  .10  .0421.SILVER_SPRING      1  .00  .00  .08  .19  .39  .3421.SILVER_SPRING      2  .02  .19  .27  .15  .08  .2821.SILVER_SPRING      3  .11  .40  .09  .10  .04  .2721.SILVER_SPRING      4  .11  .23  .32  .08  .09  .1721.SILVER_SPRING     14  .03  .16  .19  .15  .17  .2921.SILVER_SPRING     24  .05  .24  .24  .13  .07  .2622.POTOMAC            1  .02  .02  .00  .36  .37  .2422.POTOMAC            2  .02  .22  .29  .22  .03  .2222.POTOMAC            3  .14  .36  .27  .12  .08  .0422.POTOMAC            4  .17  .28  .33  .19  .02  .0022.POTOMAC           14  .06  .17  .16  .26  .19  .1622.POTOMAC           24  .10  .29  .29  .18  .04  .1023.N_BETHESDA         1  .00  .07  .00  .24  .28  .4123.N_BETHESDA         2  .01  .25  .38  .26  .06  .0423.N_BETHESDA         3  .04  .37  .30  .14  .14  .0023.N_BETHESDA         4  .16  .36  .28  .20  .00  .0023.N_BETHESDA        14  .03  .26  .26  .22  .12  .1023.N_BETHESDA        24  .04  .31  .34  .21  .08  .0224.ROCKVILLE          1  .01  .03  .20  .39  .31  .0724.ROCKVILLE          2  .03  .27  .39  .19  .04  .0724.ROCKVILLE          3  .13  .59  .28  .00  .00  .0024.ROCKVILLE          4  .24  .18  .49  .05  .04  .0024.ROCKVILLE         14  .04  .17  .30  .27  .17  .0624.ROCKVILLE         24  .07  .30  .39  .15  .04  .0525.KENSINGTON_WHEATO  1  .00  .00  .10  .31  .59  .0025.KENSINGTON_WHEATO  2  .04  .33  .27  .24  .13  .0025.KENSINGTON_WHEATO  3  .13  .49  .28  .10  .00  .0025.KENSINGTON_WHEATO  4  .18  .42  .11  .05  .11  .1325.KENSINGTON_WHEATO 14  .05  .28  .22  .23  .21  .0125.KENSINGTON_WHEATO 24  .06  .35  .26  .21  .11  .0126.ASPEN_HILL         2  .04  .13  .29  .15  .12  .2626.ASPEN_HILL         3  .05  .23  .28  .32  .12  .0026.ASPEN_HILL         4  .37  .37  .26  .00  .00  .0026.ASPEN_HILL        14  .08  .18  .29  .18  .11  .1826.ASPEN_HILL        24  .08  .18  .29  .18  .11  .1827.FAIRLAND_WHITE_OA  1  .00  .00  .00  .43  .32  .2527.FAIRLAND_WHITE_OA  2  .00  .25  .40  .25  .09  .0127.FAIRLAND_WHITE_OA  3  .05  .46  .17  .19  .13  .0027.FAIRLAND_WHITE_OA  4  .26  .40  .13  .17  .05  .0027.FAIRLAND_WHITE_OA 14  .02  .20  .21  .30  .18  .1027.FAIRLAND_WHITE_OA 24  .03  .31  .32  .23  .10  .0128.CLOVERLY           2  .00  .15  .51  .18  .15  .0028.CLOVERLY           3  .08  .39  .49  .04  .00  .0028.CLOVERLY           4  .29  .08  .64  .00  .00  .0028.CLOVERLY          14  .07  .25  .52  .10  .07  .0028.CLOVERLY          24  .07  .25  .52  .10  .07  .0029.OLNEY              2  .02  .27  .30  .27  .14  .0029.OLNEY              3  .16  .32  .43  .06  .03  .0029.OLNEY              4  .16  .51  .32  .00  .00  .0029.OLNEY             14  .07  .31  .33  .18  .10  .0029.OLNEY             24  .07  .31  .33  .18  .10  .0030.GAITHERSBURG       1  .03  .10  .22  .11  .54  .0030.GAITHERSBURG       2  .07  .26  .24  .23  .15  .0530.GAITHERSBURG       3  .25  .55  .03  .10  .08  .0030.GAITHERSBURG       4  .40  .10  .23  .00  .27  .0030.GAITHERSBURG      14  .07  .20  .21  .16  .34  .0230.GAITHERSBURG      24  .10  .29  .21  .21  .14  .0431.DERWOOD_NEEDWOOD   1  .03  .32  .35  .14  .17  .0031.DERWOOD_NEEDWOOD   2  .05  .40  .31  .17  .07  .0031.DERWOOD_NEEDWOOD   3  .37  .45  .07  .11  .00  .0031.DERWOOD_NEEDWOOD   4  .08  .53  .16  .23  .00  .0031.DERWOOD_NEEDWOOD  14  .09  .41  .26  .17  .07  .0031.DERWOOD_NEEDWOOD  24  .11  .43  .24  .17  .04  .0032.MONTGOMERY_VILLAG  2  .06  .27  .18  .15  .13  .2032.MONTGOMERY_VILLAG  3  .15  .49  .16  .19  .00  .0032.MONTGOMERY_VILLAG  4  .12  .52  .18  .18  .00  .0032.MONTGOMERY_VILLAG 14  .10  .38  .18  .17  .07  .1132.MONTGOMERY_VILLAG 24  .10  .38  .18  .17  .07  .1133.NORTH_POTOMAC      2  .00  .17  .03  .45  .18  .1833.NORTH_POTOMAC      3  .16  .62  .22  .00  .00  .0033.NORTH_POTOMAC      4  .22  .52  .26  .00  .00  .0033.NORTH_POTOMAC     14  .05  .29  .09  .31  .13  .1233.NORTH_POTOMAC     24  .05  .29  .09  .31  .13  .1234.R_&_D_VILLAGE      1  .00  .08  .50  .28  .14  .0034.R_&_D_VILLAGE      2  .19  .53  .18  .07  .00  .0334.R_&_D_VILLAGE      3  .13  .56  .14  .00  .17  .0034.R_&_D_VILLAGE      4  .51  .00  .49  .00  .00  .0034.R_&_D_VILLAGE     14  .12  .38  .28  .12  .09  .0134.R_&_D_VILLAGE     24  .18  .53  .18  .04  .06  .0235.GERMANTOWN_WEST    1  .00  .15  .13  .08  .23  .4135.GERMANTOWN_WEST    2  .13  .28  .37  .07  .12  .0335.GERMANTOWN_WEST    3  .60  .13  .22  .05  .00  .0035.GERMANTOWN_WEST    4  .55  .33  .00  .12  .00  .0035.GERMANTOWN_WEST   14  .16  .24  .27  .07  .13  .1235.GERMANTOWN_WEST   24  .22  .27  .33  .07  .10  .0236.GERMANTOWN_EAST    1  .00  .10  .20  .03  .50  .1736.GERMANTOWN_EAST    2  .01  .26  .29  .13  .17  .1536.GERMANTOWN_EAST    3  .02  .15  .25  .10  .00  .4836.GERMANTOWN_EAST    4  .13  .22  .37  .27  .00  .0036.GERMANTOWN_EAST   14  .01  .16  .24  .09  .32  .1836.GERMANTOWN_EAST   24  .03  .23  .29  .14  .11  .1937.DAMASCUS           2  .05  .00  .00  .27  .54  .1537.DAMASCUS           3  .07  .06  .23  .33  .06  .2537.DAMASCUS           4  .32  .17  .00  .00  .50  .0037.DAMASCUS          14  .08  .05  .14  .28  .24  .2037.DAMASCUS          24  .08  .05  .14  .28  .24  .2038.PATUXENT_EAST      2  .01  .07  .39  .44  .10  .0038.PATUXENT_EAST      3  .03  .43  .51  .02  .00  .0038.PATUXENT_EAST      4  .65  .35  .00  .00  .00  .0038.PATUXENT_EAST     14  .03  .20  .43  .29  .06  .0038.PATUXENT_EAST     24  .03  .20  .43  .29  .06  .0055.PATUXENT_MID       2  .10  .14  .23  .23  .31  .0055.PATUXENT_MID       3  .22  .42  .08  .23  .00  .0555.PATUXENT_MID       4  .00  .05  .62  .28  .04  .0055.PATUXENT_MID      14  .10  .21  .34  .25  .08  .0255.PATUXENT_MID      24  .10  .21  .34  .25  .08  .0256.PATUXENT_WEST      2  .17  .00  .00  .00  .83  .0056.PATUXENT_WEST      3  .00  .00  .06  .42  .00  .5256.PATUXENT_WEST      4  .05  .28  .00  .44  .24  .0056.PATUXENT_WEST     14  .07  .11  .02  .29  .36  .1456.PATUXENT_WEST     24  .07  .11  .02  .29  .36  .1439.UPPER_ROCK_CREEK   2  .05  .48  .38  .09  .00  .0039.UPPER_ROCK_CREEK   3  .12  .36  .08  .44  .00  .0039.UPPER_ROCK_CREEK   4  .05  .41  .43  .03  .09  .0039.UPPER_ROCK_CREEK  14  .07  .42  .30  .18  .03  .0039.UPPER_ROCK_CREEK  24  .07  .42  .30  .18  .03  .0040.CLARKSBURG         1  .00  .06  .24  .00  .69  .0040.CLARKSBURG         2  .00  .19  .40  .08  .00  .3340.CLARKSBURG         3  .10  .17  .45  .00  .00  .2840.CLARKSBURG         4 1.00  .00  .00  .00  .00  .0040.CLARKSBURG        14  .03  .12  .34  .02  .35  .1540.CLARKSBURG        24  .07  .18  .43  .03  .00  .3041.GOSHEN             2  .17  .02  .25  .19  .13  .2441.GOSHEN             3  .12  .25  .11  .41  .00  .1141.GOSHEN             4  .08  .29  .00  .63  .00  .0041.GOSHEN            14  .13  .19  .13  .38  .04  .1341.GOSHEN            24  .13  .19  .13  .38  .04  .1354.DICKERSON          2  .15  .00  .00  .85  .00  .0054.DICKERSON          3  .28  .30  .05  .15  .00  .2254.DICKERSON          4 1.00  .00  .00  .00  .00  .0054.DICKERSON         14  .32  .18  .03  .33  .00  .1354.DICKERSON         24  .32  .18  .03  .33  .00  .1358.LOWER_SENECA       2  .20  .15  .07  .13  .46  .0058.LOWER_SENECA       3  .23  .12  .65  .00  .00  .0058.LOWER_SENECA       4  .49  .51  .00  .00  .00  .0058.LOWER_SENECA      14  .25  .21  .14  .09  .31  .0058.LOWER_SENECA      24  .25  .21  .14  .09  .31  .0059.DARNESTOWN         2  .12  .19  .26  .30  .13  .0059.DARNESTOWN         3  .13  .32  .25  .30  .00  .0059.DARNESTOWN         4 1.00  .00  .00  .00  .00  .0059.DARNESTOWN        14  .13  .24  .25  .30  .08  .0059.DARNESTOWN        24  .13  .24  .25  .30  .08  .0060.TRAVILAH           2  .13  .04  .41  .42  .00  .0060.TRAVILAH           3  .36  .34  .23  .07  .00  .0060.TRAVILAH           4  .14  .30  .28  .13  .14  .0060.TRAVILAH          14  .23  .25  .29  .18  .05  .0060.TRAVILAH          24  .23  .25  .29  .18  .05  .0061.BENNETT            1  .00  .00  .34  .00  .45  .2161.BENNETT            2  .13  .21  .00  .00  .66  .0061.BENNETT            3  .11  .12  .15  .37  .00  .2561.BENNETT            4  .10  .29  .13  .00  .35  .1361.BENNETT           14  .07  .12  .19  .13  .30  .1961.BENNETT           24  .11  .18  .12  .20  .22  .1742.POOLESVILLE        2  .21  .53  .00  .26  .00  .0042.POOLESVILLE        3  .56  .25  .13  .06  .00  .0042.POOLESVILLE        4  .50  .50  .00  .00  .00  .0042.POOLESVILLE       14  .45  .38  .07  .10  .00  .0042.POOLESVILLE       24  .45  .38  .07  .10  .00  .00