rep.SIMLOS (Simulated Level Of Service percentages)                    rt    A    B    C    D    E    F==============================================================00.Washington_DC      1  .02  .08  .29  .28  .18  .1600.Washington_DC      2  .05  .17  .31  .29  .15  .0300.Washington_DC      3  .07  .21  .25  .27  .14  .0400.Washington_DC      4  .01  .02  .09  .73  .15  .0000.Washington_DC     14  .04  .14  .29  .30  .16  .0700.Washington_DC     24  .05  .17  .29  .31  .15  .0302.Prince_Georges     1  .01  .02  .13  .50  .28  .0502.Prince_Georges     2  .04  .17  .33  .27  .16  .0402.Prince_Georges     3  .04  .15  .26  .29  .15  .1102.Prince_Georges     4  .03  .09  .27  .37  .15  .0902.Prince_Georges    14  .02  .08  .20  .41  .23  .0602.Prince_Georges    24  .04  .15  .30  .29  .16  .0703.Alexandria         1  .00  .04  .06  .76  .12  .0203.Alexandria         2  .14  .21  .26  .27  .10  .0203.Alexandria         3  .13  .24  .36  .13  .09  .0503.Alexandria         4  .08  .14  .20  .30  .14  .1503.Alexandria        14  .08  .15  .21  .43  .11  .0303.Alexandria        24  .13  .22  .31  .20  .10  .0404.Arlington          1  .01  .09  .17  .36  .22  .1504.Arlington          2  .05  .23  .33  .23  .10  .0604.Arlington          3  .09  .24  .31  .25  .09  .0104.Arlington          4  .12  .07  .62  .08  .06  .0504.Arlington         14  .03  .15  .24  .31  .17  .1004.Arlington         24  .07  .23  .33  .24  .10  .0405.Fairfax            1  .01  .03  .18  .39  .25  .1505.Fairfax            2  .02  .13  .23  .29  .23  .1005.Fairfax            3  .05  .14  .22  .25  .18  .1705.Fairfax            4  .04  .11  .19  .28  .20  .1905.Fairfax           14  .02  .09  .20  .32  .23  .1405.Fairfax           24  .03  .13  .22  .27  .21  .1406.Loudoun            1  .02  .78  .12  .08  .00  .0006.Loudoun            2  .02  .26  .19  .41  .09  .0306.Loudoun            3  .03  .15  .00  .19  .32  .3106.Loudoun            4  .02  .11  .36  .18  .25  .0806.Loudoun           14  .02  .25  .18  .33  .14  .0806.Loudoun           24  .02  .22  .19  .34  .14  .0807.Prince_William     1  .12  .11  .20  .35  .10  .1207.Prince_William     2  .10  .18  .30  .16  .08  .1807.Prince_William     3  .03  .10  .26  .05  .47  .0907.Prince_William     4  .05  .06  .14  .43  .20  .1207.Prince_William    14  .09  .12  .23  .25  .18  .1307.Prince_William    24  .07  .13  .25  .19  .22  .1409.Frederick          1  .14  .18  .26  .22  .19  .0109.Frederick          2  .07  .20  .20  .34  .15  .0409.Frederick          3  .11  .29  .27  .19  .13  .0109.Frederick          4  .07  .19  .26  .22  .22  .0309.Frederick         14  .11  .20  .25  .24  .17  .0209.Frederick         24  .09  .23  .23  .27  .15  .0310.Baltimore_City     1  .02  .16  .51  .31  .00  .0010.Baltimore_City     2  .07  .22  .29  .24  .12  .0610.Baltimore_City     3  .08  .22  .27  .29  .08  .0610.Baltimore_City    14  .06  .20  .36  .27  .07  .0410.Baltimore_City    24  .07  .22  .28  .25  .11  .0611.Baltimore_Co       1  .02  .06  .33  .42  .11  .0511.Baltimore_Co       2  .05  .09  .24  .28  .22  .1111.Baltimore_Co       3  .03  .10  .21  .18  .28  .2111.Baltimore_Co      14  .03  .08  .28  .33  .18  .1011.Baltimore_Co      24  .04  .09  .23  .23  .25  .1612.Harford            1  .15  .10  .20  .53  .02  .0012.Harford            2  .05  .03  .18  .22  .45  .0712.Harford            3  .03  .07  .17  .25  .29  .1912.Harford           14  .08  .07  .18  .33  .25  .0912.Harford           24  .04  .05  .17  .24  .37  .1313.Carroll            1  .00  .31  .65  .00  .02  .0313.Carroll            2  .02  .54  .36  .00  .08  .0013.Carroll            3  .01  .25  .24  .31  .15  .0313.Carroll           14  .01  .29  .31  .24  .12  .0313.Carroll           24  .01  .28  .25  .27  .14  .0314.Howard             1  .00  .06  .18  .35  .38  .0314.Howard             2  .01  .02  .13  .31  .29  .2414.Howard             3  .01  .05  .28  .28  .21  .1714.Howard            14  .01  .05  .20  .32  .32  .1114.Howard            24  .01  .03  .21  .29  .25  .2015.Anne_Arundel       1  .02  .06  .22  .28  .38  .0515.Anne_Arundel       2  .02  .09  .28  .17  .23  .2215.Anne_Arundel       3  .04  .10  .22  .19  .19  .2615.Anne_Arundel      14  .02  .07  .24  .23  .30  .1315.Anne_Arundel      24  .03  .09  .25  .18  .21  .2420.BETHESDA_CHEVY_CH  1  .00  .03  .15  .24  .32  .2620.BETHESDA_CHEVY_CH  2  .02  .21  .37  .17  .18  .0520.BETHESDA_CHEVY_CH  3  .08  .26  .32  .14  .10  .0920.BETHESDA_CHEVY_CH  4  .11  .22  .32  .19  .06  .1020.BETHESDA_CHEVY_CH 14  .02  .12  .25  .21  .24  .1720.BETHESDA_CHEVY_CH 24  .04  .22  .35  .16  .15  .0721.SILVER_SPRING      1  .00  .00  .12  .16  .71  .0021.SILVER_SPRING      2  .02  .18  .23  .15  .06  .3721.SILVER_SPRING      3  .16  .24  .21  .03  .08  .2821.SILVER_SPRING      4  .12  .17  .30  .19  .07  .1521.SILVER_SPRING     14  .04  .13  .20  .14  .25  .2321.SILVER_SPRING     24  .05  .19  .24  .13  .07  .3222.POTOMAC            1  .02  .00  .04  .12  .75  .0822.POTOMAC            2  .05  .30  .38  .07  .15  .0422.POTOMAC            3  .22  .31  .29  .08  .05  .0422.POTOMAC            4  .15  .43  .16  .26  .00  .0022.POTOMAC           14  .08  .16  .16  .12  .43  .0622.POTOMAC           24  .14  .34  .29  .12  .08  .0323.N_BETHESDA         1  .00  .06  .06  .40  .39  .1023.N_BETHESDA         2  .01  .26  .38  .20  .11  .0423.N_BETHESDA         3  .05  .31  .38  .11  .15  .0123.N_BETHESDA         4  .21  .30  .26  .22  .00  .0023.N_BETHESDA        14  .04  .23  .29  .22  .17  .0423.N_BETHESDA        24  .05  .29  .36  .17  .11  .0224.ROCKVILLE          1  .00  .00  .10  .39  .47  .0424.ROCKVILLE          2  .05  .28  .36  .22  .03  .0724.ROCKVILLE          3  .18  .51  .31  .00  .00  .0024.ROCKVILLE          4  .09  .44  .36  .11  .00  .0024.ROCKVILLE         14  .04  .17  .23  .27  .24  .0424.ROCKVILLE         24  .08  .34  .35  .16  .02  .0525.KENSINGTON_WHEATO  1  .00  .00  .10  .34  .56  .0025.KENSINGTON_WHEATO  2  .03  .27  .28  .27  .13  .0225.KENSINGTON_WHEATO  3  .16  .47  .30  .06  .01  .0025.KENSINGTON_WHEATO  4  .20  .33  .24  .00  .09  .1425.KENSINGTON_WHEATO 14  .05  .24  .25  .24  .20  .0225.KENSINGTON_WHEATO 24  .06  .30  .28  .22  .11  .0326.ASPEN_HILL         2  .05  .16  .24  .17  .16  .2126.ASPEN_HILL         3  .03  .19  .28  .46  .02  .0226.ASPEN_HILL         4  .22  .55  .23  .00  .00  .0026.ASPEN_HILL        14  .07  .21  .25  .22  .11  .1526.ASPEN_HILL        24  .07  .21  .25  .22  .11  .1527.FAIRLAND_WHITE_OA  1  .00  .00  .01  .42  .57  .0027.FAIRLAND_WHITE_OA  2  .01  .29  .33  .34  .03  .0127.FAIRLAND_WHITE_OA  3  .08  .37  .26  .11  .15  .0227.FAIRLAND_WHITE_OA  4  .13  .24  .28  .30  .00  .0527.FAIRLAND_WHITE_OA 14  .02  .20  .20  .33  .24  .0127.FAIRLAND_WHITE_OA 24  .03  .31  .31  .28  .06  .0128.CLOVERLY           2  .06  .57  .30  .05  .02  .0028.CLOVERLY           3  .04  .28  .50  .07  .06  .0528.CLOVERLY           4  .18  .17  .65  .00  .00  .0028.CLOVERLY          14  .06  .42  .41  .05  .04  .0228.CLOVERLY          24  .06  .42  .41  .05  .04  .0229.OLNEY              2  .03  .30  .39  .22  .07  .0029.OLNEY              3  .29  .18  .33  .11  .03  .0629.OLNEY              4  .18  .82  .00  .00  .00  .0029.OLNEY             14  .10  .33  .34  .17  .05  .0129.OLNEY             24  .10  .33  .34  .17  .05  .0130.GAITHERSBURG       1  .04  .11  .16  .25  .44  .0030.GAITHERSBURG       2  .08  .28  .27  .24  .09  .0430.GAITHERSBURG       3  .48  .37  .04  .04  .06  .0030.GAITHERSBURG       4  .23  .42  .35  .00  .00  .0030.GAITHERSBURG      14  .09  .21  .20  .23  .26  .0230.GAITHERSBURG      24  .14  .30  .23  .21  .08  .0331.DERWOOD_NEEDWOOD   1  .01  .33  .38  .12  .16  .0031.DERWOOD_NEEDWOOD   2  .08  .29  .30  .17  .03  .1231.DERWOOD_NEEDWOOD   3  .22  .52  .26  .00  .00  .0031.DERWOOD_NEEDWOOD   4  .07  .29  .20  .36  .08  .0031.DERWOOD_NEEDWOOD  14  .08  .34  .30  .17  .06  .0631.DERWOOD_NEEDWOOD  24  .10  .34  .27  .18  .04  .0732.MONTGOMERY_VILLAG  2  .16  .35  .26  .24  .00  .0032.MONTGOMERY_VILLAG  3  .50  .35  .00  .10  .00  .0632.MONTGOMERY_VILLAG  4  .42  .08  .18  .31  .00  .0032.MONTGOMERY_VILLAG 14  .29  .33  .17  .20  .00  .0232.MONTGOMERY_VILLAG 24  .29  .33  .17  .20  .00  .0233.NORTH_POTOMAC      1  .00  .00  .00 1.00  .00  .0033.NORTH_POTOMAC      2  .02  .18  .52  .07  .17  .0333.NORTH_POTOMAC      3  .26  .60  .13  .00  .00  .0033.NORTH_POTOMAC      4  .19  .30  .52  .00  .00  .0033.NORTH_POTOMAC     14  .10  .30  .40  .08  .10  .0233.NORTH_POTOMAC     24  .10  .31  .41  .04  .11  .0234.R_&_D_VILLAGE      1  .00  .00  .38  .49  .13  .0034.R_&_D_VILLAGE      2  .41  .39  .12  .05  .03  .0034.R_&_D_VILLAGE      3  .24  .44  .20  .11  .00  .0034.R_&_D_VILLAGE      4  .59  .41  .00  .00  .00  .0034.R_&_D_VILLAGE     14  .22  .26  .24  .23  .06  .0034.R_&_D_VILLAGE     24  .34  .41  .15  .08  .01  .0035.GERMANTOWN_WEST    1  .11  .09  .06  .45  .29  .0035.GERMANTOWN_WEST    2  .15  .28  .28  .16  .08  .0635.GERMANTOWN_WEST    3  .43  .29  .27  .00  .00  .0035.GERMANTOWN_WEST    4  .65  .35  .00  .00  .00  .0035.GERMANTOWN_WEST   14  .18  .23  .22  .22  .12  .0335.GERMANTOWN_WEST   24  .20  .28  .27  .14  .07  .0536.GERMANTOWN_EAST    1  .08  .03  .18  .21  .50  .0036.GERMANTOWN_EAST    2  .16  .35  .25  .16  .00  .0736.GERMANTOWN_EAST    3  .15  .41  .44  .00  .00  .0036.GERMANTOWN_EAST    4  .09  .45  .46  .00  .00  .0036.GERMANTOWN_EAST   14  .11  .18  .23  .17  .29  .0236.GERMANTOWN_EAST   24  .15  .37  .30  .12  .00  .0537.DAMASCUS           2  .05  .00  .19  .34  .27  .1537.DAMASCUS           3  .05  .14  .16  .41  .00  .2537.DAMASCUS           4  .32  .15  .00  .53  .00  .0037.DAMASCUS          14  .07  .09  .16  .40  .09  .2037.DAMASCUS          24  .07  .09  .16  .40  .09  .2038.PATUXENT_EAST      2  .01  .17  .47  .23  .11  .0038.PATUXENT_EAST      3  .07  .34  .59  .00  .00  .0038.PATUXENT_EAST      4  .34  .66  .00  .00  .00  .0038.PATUXENT_EAST     14  .04  .24  .51  .15  .07  .0038.PATUXENT_EAST     24  .04  .24  .51  .15  .07  .0055.PATUXENT_MID       2  .10  .13  .47  .30  .00  .0055.PATUXENT_MID       3  .22  .45  .25  .04  .05  .0055.PATUXENT_MID       4  .01  .42  .35  .23  .00  .0055.PATUXENT_MID      14  .11  .37  .33  .16  .02  .0055.PATUXENT_MID      24  .11  .37  .33  .16  .02  .0056.PATUXENT_WEST      2  .16  .00  .00  .00  .84  .0056.PATUXENT_WEST      3  .00  .00  .06  .42  .00  .5256.PATUXENT_WEST      4  .04  .24  .00  .72  .00  .0056.PATUXENT_WEST     14  .07  .09  .02  .38  .30  .1556.PATUXENT_WEST     24  .07  .09  .02  .38  .30  .1539.UPPER_ROCK_CREEK   2  .08  .40  .52  .00  .00  .0039.UPPER_ROCK_CREEK   3  .16  .41  .25  .18  .00  .0039.UPPER_ROCK_CREEK   4  .06  .29  .45  .16  .03  .0039.UPPER_ROCK_CREEK  14  .10  .37  .40  .12  .01  .0039.UPPER_ROCK_CREEK  24  .10  .37  .40  .12  .01  .0040.CLARKSBURG         1  .06  .00  .24  .05  .21  .4440.CLARKSBURG         2  .04  .30  .05  .21  .00  .4040.CLARKSBURG         3  .11  .44  .15  .00  .11  .2040.CLARKSBURG         4 1.00  .00  .00  .00  .00  .0040.CLARKSBURG        14  .07  .16  .18  .07  .15  .3740.CLARKSBURG        24  .09  .38  .11  .08  .07  .2841.GOSHEN             2  .15  .03  .28  .15  .14  .2541.GOSHEN             3  .15  .26  .34  .25  .00  .0041.GOSHEN             4  .08  .13  .25  .23  .00  .3041.GOSHEN            14  .14  .17  .31  .22  .04  .1341.GOSHEN            24  .14  .17  .31  .22  .04  .1354.DICKERSON          2  .16  .00  .55  .29  .00  .0054.DICKERSON          3  .28  .05  .44  .00  .22  .0054.DICKERSON          4 1.00  .00  .00  .00  .00  .0054.DICKERSON         14  .33  .04  .42  .07  .14  .0054.DICKERSON         24  .33  .04  .42  .07  .14  .0058.LOWER_SENECA       2  .19  .13  .05  .62  .00  .0058.LOWER_SENECA       3  .33  .03  .64  .00  .00  .0058.LOWER_SENECA       4  .82  .18  .00  .00  .00  .0058.LOWER_SENECA      14  .32  .12  .15  .41  .00  .0058.LOWER_SENECA      24  .32  .12  .15  .41  .00  .0059.DARNESTOWN         2  .23  .14  .16  .32  .16  .0059.DARNESTOWN         3  .19  .21  .18  .42  .00  .0059.DARNESTOWN         4 1.00  .00  .00  .00  .00  .0059.DARNESTOWN        14  .22  .16  .17  .35  .10  .0059.DARNESTOWN        24  .22  .16  .17  .35  .10  .0060.TRAVILAH           2  .16  .05  .38  .41  .00  .0060.TRAVILAH           3  .33  .49  .12  .06  .00  .0060.TRAVILAH           4  .14  .37  .23  .26  .00  .0060.TRAVILAH          14  .22  .34  .22  .22  .00  .0060.TRAVILAH          24  .22  .34  .22  .22  .00  .0061.BENNETT            1  .00  .00  .35  .00  .00  .6561.BENNETT            2  .12  .23  .00  .00  .65  .0061.BENNETT            3  .12  .30  .16  .11  .00  .3161.BENNETT            4  .09  .29  .11  .00  .38  .1361.BENNETT           14  .07  .17  .21  .03  .15  .3861.BENNETT           24  .11  .28  .11  .06  .25  .1942.POOLESVILLE        2  .59  .00  .41  .00  .00  .0042.POOLESVILLE        3  .77  .23  .00  .00  .00  .0042.POOLESVILLE        4  .22  .78  .00  .00  .00  .0042.POOLESVILLE       14  .62  .27  .11  .00  .00  .0042.POOLESVILLE       24  .62  .27  .11  .00  .00  .00