rep.SIMLOS (Simulated Level Of Service percentages)                    rt    A    B    C    D    E    F==============================================================00.Washington_DC      1  .02  .09  .28  .27  .24  .1000.Washington_DC      2  .06  .18  .33  .27  .14  .0200.Washington_DC      3  .08  .20  .31  .23  .14  .0400.Washington_DC      4  .02  .01  .09  .73  .14  .0000.Washington_DC     14  .04  .14  .30  .29  .18  .0500.Washington_DC     24  .06  .17  .32  .29  .14  .0202.Prince_Georges     1  .01  .04  .11  .51  .28  .0502.Prince_Georges     2  .04  .18  .30  .31  .14  .0402.Prince_Georges     3  .04  .16  .26  .28  .18  .0802.Prince_Georges     4  .03  .12  .23  .41  .13  .0802.Prince_Georges    14  .02  .09  .18  .43  .22  .0602.Prince_Georges    24  .04  .16  .27  .32  .15  .0603.Alexandria         1  .00  .03  .38  .45  .12  .0203.Alexandria         2  .15  .23  .28  .22  .11  .0203.Alexandria         3  .12  .24  .31  .16  .12  .0503.Alexandria         4  .05  .15  .22  .31  .27  .0103.Alexandria        14  .08  .15  .33  .29  .12  .0303.Alexandria        24  .13  .23  .29  .19  .12  .0404.Arlington          1  .00  .09  .17  .37  .29  .0804.Arlington          2  .06  .22  .33  .21  .12  .0504.Arlington          3  .11  .21  .32  .24  .11  .0104.Arlington          4  .16  .09  .49  .15  .06  .0404.Arlington         14  .04  .14  .23  .31  .22  .0604.Arlington         24  .09  .21  .33  .22  .12  .0305.Fairfax            1  .01  .05  .18  .33  .22  .2005.Fairfax            2  .02  .13  .24  .27  .21  .1305.Fairfax            3  .04  .14  .20  .25  .21  .1605.Fairfax            4  .03  .11  .19  .28  .21  .1905.Fairfax           14  .02  .10  .20  .29  .21  .1705.Fairfax           24  .03  .14  .21  .26  .21  .1506.Loudoun            1  .02  .76  .16  .07  .00  .0006.Loudoun            2  .03  .10  .38  .36  .11  .0306.Loudoun            3  .03  .15  .06  .13  .32  .3106.Loudoun            4  .04  .10  .35  .23  .20  .0806.Loudoun           14  .03  .15  .32  .29  .14  .0706.Loudoun           24  .03  .11  .33  .31  .15  .0807.Prince_William     1  .12  .10  .23  .32  .10  .1307.Prince_William     2  .09  .16  .28  .20  .09  .1807.Prince_William     3  .03  .18  .18  .20  .30  .1007.Prince_William     4  .06  .05  .14  .38  .18  .1807.Prince_William    14  .08  .12  .22  .27  .15  .1507.Prince_William    24  .07  .14  .22  .25  .17  .1609.Frederick          1  .14  .17  .28  .21  .14  .0609.Frederick          2  .07  .22  .24  .19  .21  .0709.Frederick          3  .13  .29  .22  .22  .08  .0609.Frederick          4  .09  .19  .26  .20  .22  .0309.Frederick         14  .12  .20  .26  .20  .15  .0609.Frederick         24  .09  .24  .24  .20  .17  .0610.Baltimore_City     1  .02  .18  .51  .30  .00  .0010.Baltimore_City     2  .08  .25  .32  .19  .10  .0510.Baltimore_City     3  .09  .27  .28  .23  .09  .0310.Baltimore_City    14  .06  .23  .38  .24  .06  .0310.Baltimore_City    24  .09  .26  .31  .20  .10  .0511.Baltimore_Co       1  .03  .05  .38  .41  .09  .0411.Baltimore_Co       2  .05  .13  .24  .27  .25  .0611.Baltimore_Co       3  .04  .09  .21  .20  .27  .1911.Baltimore_Co      14  .04  .08  .30  .33  .18  .0811.Baltimore_Co      24  .05  .11  .22  .24  .26  .1212.Harford            1  .16  .11  .56  .14  .04  .0012.Harford            2  .04  .03  .18  .22  .46  .0712.Harford            3  .03  .15  .09  .29  .23  .2112.Harford           14  .08  .10  .28  .22  .24  .0912.Harford           24  .04  .09  .13  .25  .34  .1413.Carroll            1  .00  .31  .00  .66  .01  .0313.Carroll            2  .02  .49  .42  .00  .08  .0013.Carroll            3  .03  .18  .29  .32  .15  .0313.Carroll           14  .02  .23  .26  .34  .12  .0313.Carroll           24  .03  .21  .30  .28  .14  .0314.Howard             1  .00  .06  .14  .38  .40  .0214.Howard             2  .00  .03  .09  .32  .36  .1914.Howard             3  .01  .05  .23  .34  .20  .1614.Howard            14  .01  .05  .16  .36  .34  .1014.Howard            24  .01  .04  .17  .33  .27  .1715.Anne_Arundel       1  .02  .05  .21  .25  .32  .1415.Anne_Arundel       2  .03  .08  .25  .19  .23  .2215.Anne_Arundel       3  .04  .11  .19  .22  .15  .2915.Anne_Arundel      14  .03  .07  .22  .23  .27  .1915.Anne_Arundel      24  .04  .09  .22  .20  .20  .2520.BETHESDA_CHEVY_CH  1  .00  .03  .15  .22  .26  .3420.BETHESDA_CHEVY_CH  2  .02  .22  .34  .20  .16  .0620.BETHESDA_CHEVY_CH  3  .07  .28  .27  .24  .14  .0020.BETHESDA_CHEVY_CH  4  .11  .26  .31  .18  .07  .0720.BETHESDA_CHEVY_CH 14  .02  .12  .23  .21  .21  .2120.BETHESDA_CHEVY_CH 24  .04  .24  .32  .21  .14  .0521.SILVER_SPRING      1  .00  .00  .00  .27  .73  .0021.SILVER_SPRING      2  .01  .16  .27  .16  .08  .3121.SILVER_SPRING      3  .11  .36  .12  .08  .05  .2721.SILVER_SPRING      4  .13  .31  .14  .17  .00  .2621.SILVER_SPRING     14  .03  .15  .16  .19  .27  .2021.SILVER_SPRING     24  .05  .22  .23  .15  .06  .3022.POTOMAC            1  .02  .01  .03  .03  .83  .0822.POTOMAC            2  .03  .26  .32  .19  .04  .1622.POTOMAC            3  .12  .32  .30  .11  .03  .1322.POTOMAC            4  .11  .51  .18  .13  .07  .0022.POTOMAC           14  .05  .17  .15  .09  .44  .1022.POTOMAC           24  .08  .34  .28  .14  .04  .1123.N_BETHESDA         1  .00  .06  .06  .39  .39  .1023.N_BETHESDA         2  .01  .26  .38  .25  .06  .0423.N_BETHESDA         3  .05  .36  .37  .11  .11  .0023.N_BETHESDA         4  .16  .46  .19  .18  .00  .0023.N_BETHESDA        14  .04  .26  .28  .24  .15  .0423.N_BETHESDA        24  .05  .32  .35  .19  .07  .0224.ROCKVILLE          1  .00  .01  .10  .29  .54  .0524.ROCKVILLE          2  .06  .29  .38  .15  .06  .0724.ROCKVILLE          3  .18  .52  .30  .00  .00  .0024.ROCKVILLE          4  .16  .36  .43  .05  .00  .0024.ROCKVILLE         14  .05  .17  .24  .20  .29  .0524.ROCKVILLE         24  .09  .34  .37  .11  .04  .0525.KENSINGTON_WHEATO  1  .00  .00  .00  .42  .58  .0025.KENSINGTON_WHEATO  2  .03  .31  .30  .21  .14  .0225.KENSINGTON_WHEATO  3  .15  .46  .23  .16  .00  .0025.KENSINGTON_WHEATO  4  .23  .31  .22  .00  .10  .1425.KENSINGTON_WHEATO 14  .05  .26  .23  .23  .21  .0225.KENSINGTON_WHEATO 24  .06  .33  .28  .19  .12  .0226.ASPEN_HILL         2  .04  .24  .15  .17  .21  .1926.ASPEN_HILL         3  .05  .25  .30  .30  .11  .0026.ASPEN_HILL         4  .24  .39  .37  .00  .00  .0026.ASPEN_HILL        14  .06  .26  .21  .18  .16  .1326.ASPEN_HILL        24  .06  .26  .21  .18  .16  .1327.FAIRLAND_WHITE_OA  1  .00  .00  .16  .26  .58  .0027.FAIRLAND_WHITE_OA  2  .00  .29  .39  .28  .03  .0127.FAIRLAND_WHITE_OA  3  .09  .38  .25  .12  .12  .0527.FAIRLAND_WHITE_OA  4  .19  .19  .41  .17  .05  .0027.FAIRLAND_WHITE_OA 14  .02  .20  .29  .24  .24  .0127.FAIRLAND_WHITE_OA 24  .04  .31  .36  .23  .05  .0228.CLOVERLY           2  .03  .63  .28  .05  .00  .0028.CLOVERLY           3  .04  .28  .39  .18  .11  .0028.CLOVERLY           4  .20  .15  .66  .00  .00  .0028.CLOVERLY          14  .05  .45  .36  .10  .05  .0028.CLOVERLY          24  .05  .45  .36  .10  .05  .0029.OLNEY              2  .04  .35  .33  .28  .00  .0029.OLNEY              3  .37  .22  .36  .00  .05  .0029.OLNEY              4  .23  .47  .30  .00  .00  .0029.OLNEY             14  .14  .34  .33  .18  .01  .0029.OLNEY             24  .14  .34  .33  .18  .01  .0030.GAITHERSBURG       1  .03  .09  .19  .24  .44  .0030.GAITHERSBURG       2  .07  .19  .38  .18  .17  .0130.GAITHERSBURG       3  .39  .43  .12  .00  .06  .0030.GAITHERSBURG       4  .21  .41  .38  .00  .00  .0030.GAITHERSBURG      14  .08  .16  .27  .20  .29  .0030.GAITHERSBURG      24  .12  .23  .34  .15  .15  .0131.DERWOOD_NEEDWOOD   1  .01  .32  .39  .13  .16  .0031.DERWOOD_NEEDWOOD   2  .08  .29  .32  .14  .15  .0331.DERWOOD_NEEDWOOD   3  .43  .36  .21  .00  .00  .0031.DERWOOD_NEEDWOOD   4  .06  .25  .44  .16  .08  .0031.DERWOOD_NEEDWOOD  14  .11  .30  .34  .12  .12  .0131.DERWOOD_NEEDWOOD  24  .14  .29  .32  .12  .10  .0232.MONTGOMERY_VILLAG  2  .11  .37  .29  .08  .16  .0032.MONTGOMERY_VILLAG  3  .55  .32  .13  .00  .00  .0032.MONTGOMERY_VILLAG  4  .39  .16  .45  .00  .00  .0032.MONTGOMERY_VILLAG 14  .27  .34  .25  .05  .10  .0032.MONTGOMERY_VILLAG 24  .27  .34  .25  .05  .10  .0033.NORTH_POTOMAC      1  .00  .00  .00 1.00  .00  .0033.NORTH_POTOMAC      2  .01  .16  .56  .00  .23  .0433.NORTH_POTOMAC      3  .22  .46  .32  .00  .00  .0033.NORTH_POTOMAC      4  .23  .24  .53  .00  .00  .0033.NORTH_POTOMAC     14  .10  .26  .46  .03  .13  .0233.NORTH_POTOMAC     24  .10  .27  .48  .00  .13  .0234.R_&_D_VILLAGE      1  .00  .00  .37  .49  .14  .0034.R_&_D_VILLAGE      2  .31  .50  .11  .00  .08  .0034.R_&_D_VILLAGE      3  .24  .40  .36  .00  .00  .0034.R_&_D_VILLAGE      4  .62  .38  .00  .00  .00  .0034.R_&_D_VILLAGE     14  .19  .31  .26  .16  .08  .0034.R_&_D_VILLAGE     24  .29  .46  .20  .00  .05  .0035.GERMANTOWN_WEST    1  .00  .15  .11  .44  .18  .1135.GERMANTOWN_WEST    2  .14  .29  .27  .16  .05  .0935.GERMANTOWN_WEST    3  .44  .33  .23  .00  .00  .0035.GERMANTOWN_WEST    4  .49  .51  .00  .00  .00  .0035.GERMANTOWN_WEST   14  .15  .27  .22  .21  .08  .0835.GERMANTOWN_WEST   24  .20  .30  .25  .13  .04  .0736.GERMANTOWN_EAST    1  .01  .09  .20  .20  .47  .0436.GERMANTOWN_EAST    2  .11  .33  .32  .08  .10  .0636.GERMANTOWN_EAST    3  .25  .22  .53  .00  .00  .0036.GERMANTOWN_EAST    4  .08  .50  .42  .00  .00  .0036.GERMANTOWN_EAST   14  .06  .20  .27  .14  .29  .0536.GERMANTOWN_EAST   24  .12  .33  .35  .06  .08  .0537.DAMASCUS           2  .05  .00  .12  .09  .29  .4537.DAMASCUS           3  .01  .10  .14  .33  .16  .2537.DAMASCUS           4  .16  .17  .20  .00  .46  .0037.DAMASCUS          14  .04  .08  .14  .23  .23  .2837.DAMASCUS          24  .04  .08  .14  .23  .23  .2838.PATUXENT_EAST      2  .01  .07  .44  .38  .09  .0038.PATUXENT_EAST      3  .04  .27  .69  .00  .00  .0038.PATUXENT_EAST      4  .43  .57  .00  .00  .00  .0038.PATUXENT_EAST     14  .03  .15  .52  .24  .06  .0038.PATUXENT_EAST     24  .03  .15  .52  .24  .06  .0055.PATUXENT_MID       2  .10  .13  .47  .29  .00  .0055.PATUXENT_MID       3  .14  .51  .26  .04  .00  .0555.PATUXENT_MID       4  .01  .18  .48  .29  .04  .0055.PATUXENT_MID      14  .08  .29  .39  .20  .02  .0255.PATUXENT_MID      24  .08  .29  .39  .20  .02  .0256.PATUXENT_WEST      2  .15  .00  .00  .00  .00  .8556.PATUXENT_WEST      3  .00  .00  .06  .42  .00  .5356.PATUXENT_WEST      4  .04  .00  .31  .00  .66  .0056.PATUXENT_WEST     14  .06  .00  .14  .11  .28  .4156.PATUXENT_WEST     24  .06  .00  .14  .11  .28  .4139.UPPER_ROCK_CREEK   2  .21  .24  .41  .14  .00  .0039.UPPER_ROCK_CREEK   3  .18  .40  .07  .36  .00  .0039.UPPER_ROCK_CREEK   4  .06  .15  .48  .24  .08  .0039.UPPER_ROCK_CREEK  14  .15  .27  .30  .25  .03  .0039.UPPER_ROCK_CREEK  24  .15  .27  .30  .25  .03  .0040.CLARKSBURG         1  .01  .05  .00  .29  .21  .4340.CLARKSBURG         2  .03  .25  .05  .24  .00  .4340.CLARKSBURG         3  .09  .16  .44  .00  .00  .3140.CLARKSBURG         4 1.00  .00  .00  .00  .00  .0040.CLARKSBURG        14  .04  .11  .13  .20  .12  .3940.CLARKSBURG        24  .08  .19  .30  .08  .00  .3541.GOSHEN             2  .11  .07  .32  .14  .00  .3741.GOSHEN             3  .07  .31  .33  .23  .06  .0041.GOSHEN             4  .10  .14  .30  .46  .00  .0041.GOSHEN            14  .09  .20  .32  .23  .03  .1241.GOSHEN            24  .09  .20  .32  .23  .03  .1254.DICKERSON          2  .15  .00  .60  .25  .00  .0054.DICKERSON          3  .25  .11  .29  .12  .00  .2254.DICKERSON          4 1.00  .00  .00  .00  .00  .0054.DICKERSON         14  .30  .07  .34  .14  .00  .1554.DICKERSON         24  .30  .07  .34  .14  .00  .1558.LOWER_SENECA       2  .20  .14  .00  .66  .00  .0058.LOWER_SENECA       3  .19  .20  .61  .00  .00  .0058.LOWER_SENECA       4  .47  .53  .00  .00  .00  .0058.LOWER_SENECA      14  .24  .21  .11  .44  .00  .0058.LOWER_SENECA      24  .24  .21  .11  .44  .00  .0059.DARNESTOWN         2  .23  .11  .27  .39  .00  .0059.DARNESTOWN         3  .19  .33  .49  .00  .00  .0059.DARNESTOWN         4 1.00  .00  .00  .00  .00  .0059.DARNESTOWN        14  .22  .18  .34  .25  .00  .0059.DARNESTOWN        24  .22  .18  .34  .25  .00  .0060.TRAVILAH           2  .06  .13  .41  .41  .00  .0060.TRAVILAH           3  .40  .19  .33  .00  .08  .0060.TRAVILAH           4  .15  .40  .15  .13  .16  .0060.TRAVILAH          14  .23  .24  .29  .15  .09  .0060.TRAVILAH          24  .23  .24  .29  .15  .09  .0061.BENNETT            1  .00  .00  .10  .25  .00  .6561.BENNETT            2  .13  .23  .00  .00  .00  .6461.BENNETT            3  .12  .11  .22  .20  .07  .2861.BENNETT            4  .07  .24  .18  .00  .37  .1361.BENNETT           14  .07  .11  .14  .16  .09  .4461.BENNETT           24  .11  .17  .16  .10  .14  .3242.POOLESVILLE        2  .72  .00  .28  .00  .00  .0042.POOLESVILLE        3  .60  .32  .08  .00  .00  .0042.POOLESVILLE        4  .22  .78  .00  .00  .00  .0042.POOLESVILLE       14  .58  .29  .13  .00  .00  .0042.POOLESVILLE       24  .58  .29  .13  .00  .00  .00