rep.SIMLOS (Simulated Level Of Service percentages)                    rt    A    B    C    D    E    F==============================================================00.Washington_DC      1  .02  .07  .24  .29  .22  .1700.Washington_DC      2  .04  .16  .27  .30  .18  .0500.Washington_DC      3  .06  .20  .24  .30  .14  .0700.Washington_DC      4  .01  .01  .10  .71  .16  .0000.Washington_DC     14  .03  .12  .25  .31  .19  .0900.Washington_DC     24  .04  .15  .26  .33  .17  .0502.Prince_Georges     1  .01  .03  .08  .37  .42  .0902.Prince_Georges     2  .03  .14  .30  .27  .17  .0802.Prince_Georges     3  .04  .10  .22  .28  .20  .1602.Prince_Georges     4  .03  .06  .23  .41  .16  .1102.Prince_Georges    14  .02  .07  .16  .34  .31  .1002.Prince_Georges    24  .03  .11  .27  .30  .18  .1103.Alexandria         1  .01  .03  .05  .72  .15  .0503.Alexandria         2  .11  .20  .22  .30  .12  .0603.Alexandria         3  .06  .22  .29  .24  .11  .0703.Alexandria         4  .05  .14  .15  .05  .46  .1503.Alexandria        14  .05  .14  .17  .44  .13  .0603.Alexandria        24  .08  .21  .25  .27  .12  .0704.Arlington          1  .01  .07  .14  .34  .21  .2404.Arlington          2  .05  .18  .25  .27  .19  .0604.Arlington          3  .08  .18  .26  .35  .09  .0504.Arlington          4  .08  .13  .41  .26  .07  .0504.Arlington         14  .03  .11  .19  .32  .18  .1604.Arlington         24  .06  .18  .26  .31  .14  .0605.Fairfax            1  .00  .03  .10  .40  .26  .2105.Fairfax            2  .01  .09  .19  .30  .23  .1805.Fairfax            3  .02  .10  .18  .25  .24  .2105.Fairfax            4  .02  .09  .19  .28  .22  .2105.Fairfax           14  .01  .07  .15  .32  .24  .2005.Fairfax           24  .02  .09  .18  .27  .23  .2006.Loudoun            1  .02  .77  .13  .08  .00  .0006.Loudoun            2  .02  .08  .35  .22  .30  .0406.Loudoun            3  .03  .14  .03  .12  .38  .3006.Loudoun            4  .01  .12  .05  .56  .19  .0806.Loudoun           14  .02  .13  .25  .24  .28  .0806.Loudoun           24  .02  .09  .26  .25  .29  .0807.Prince_William     1  .10  .04  .26  .38  .09  .1207.Prince_William     2  .07  .13  .26  .16  .14  .2407.Prince_William     3  .01  .09  .30  .04  .45  .1207.Prince_William     4  .04  .05  .12  .31  .26  .2307.Prince_William    14  .06  .08  .25  .23  .20  .1707.Prince_William    24  .05  .10  .24  .16  .26  .2009.Frederick          1  .13  .21  .22  .21  .21  .0209.Frederick          2  .06  .19  .25  .22  .20  .0709.Frederick          3  .14  .24  .29  .17  .15  .0109.Frederick          4  .08  .12  .27  .26  .24  .0309.Frederick         14  .11  .20  .24  .21  .20  .0309.Frederick         24  .09  .19  .27  .21  .19  .0510.Baltimore_City     1  .00  .17  .49  .22  .11  .0010.Baltimore_City     2  .05  .18  .28  .24  .14  .1110.Baltimore_City     3  .06  .16  .26  .26  .15  .1110.Baltimore_City    14  .04  .17  .34  .24  .14  .0710.Baltimore_City    24  .06  .17  .27  .25  .15  .1111.Baltimore_Co       1  .02  .06  .29  .40  .18  .0511.Baltimore_Co       2  .04  .08  .20  .28  .20  .2011.Baltimore_Co       3  .02  .08  .15  .22  .22  .2911.Baltimore_Co      14  .03  .07  .23  .32  .20  .1511.Baltimore_Co      24  .04  .08  .18  .25  .21  .2412.Harford            1  .11  .15  .18  .53  .02  .0212.Harford            2  .05  .03  .08  .24  .26  .3412.Harford            3  .05  .09  .10  .14  .37  .2512.Harford           14  .07  .09  .12  .30  .22  .2112.Harford           24  .05  .06  .09  .19  .32  .3013.Carroll            1  .00  .28  .67  .01  .00  .0313.Carroll            2  .02  .46  .42  .03  .08  .0013.Carroll            3  .01  .23  .22  .28  .20  .0613.Carroll           14  .01  .26  .30  .22  .16  .0513.Carroll           24  .01  .26  .24  .25  .19  .0514.Howard             1  .00  .10  .12  .30  .44  .0514.Howard             2  .02  .01  .07  .31  .27  .3114.Howard             3  .01  .04  .24  .30  .19  .2214.Howard            14  .01  .06  .14  .30  .33  .1514.Howard            24  .01  .03  .16  .31  .23  .2615.Anne_Arundel       1  .02  .05  .24  .21  .44  .0515.Anne_Arundel       2  .02  .09  .18  .21  .26  .2315.Anne_Arundel       3  .04  .09  .16  .25  .18  .2915.Anne_Arundel      14  .02  .07  .21  .22  .34  .1415.Anne_Arundel      24  .03  .09  .17  .23  .23  .2520.BETHESDA_CHEVY_CH  1  .00  .09  .05  .14  .30  .4220.BETHESDA_CHEVY_CH  2  .02  .22  .39  .16  .14  .0820.BETHESDA_CHEVY_CH  3  .08  .22  .28  .15  .14  .1320.BETHESDA_CHEVY_CH  4  .09  .10  .17  .29  .18  .1720.BETHESDA_CHEVY_CH 14  .02  .15  .19  .16  .22  .2720.BETHESDA_CHEVY_CH 24  .04  .20  .34  .18  .14  .1021.SILVER_SPRING      1  .00  .00  .19  .12  .69  .0021.SILVER_SPRING      2  .03  .19  .30  .10  .09  .2921.SILVER_SPRING      3  .12  .26  .16  .08  .04  .3521.SILVER_SPRING      4  .07  .12  .20  .17  .05  .3921.SILVER_SPRING     14  .04  .14  .24  .11  .26  .2221.SILVER_SPRING     24  .05  .19  .26  .10  .07  .3122.POTOMAC            1  .01  .02  .01  .06  .38  .5322.POTOMAC            2  .03  .20  .34  .18  .05  .2022.POTOMAC            3  .12  .32  .24  .13  .05  .1422.POTOMAC            4  .06  .13  .24  .26  .14  .1722.POTOMAC           14  .04  .12  .14  .12  .23  .3522.POTOMAC           24  .06  .22  .28  .19  .08  .1723.N_BETHESDA         1  .00  .01  .05  .18  .14  .6323.N_BETHESDA         2  .00  .20  .41  .27  .06  .0623.N_BETHESDA         3  .02  .18  .28  .25  .16  .1223.N_BETHESDA         4  .07  .24  .14  .17  .15  .2323.N_BETHESDA        14  .01  .15  .26  .23  .12  .2323.N_BETHESDA        24  .02  .20  .32  .25  .11  .1124.ROCKVILLE          1  .00  .00  .16  .21  .42  .2024.ROCKVILLE          2  .04  .26  .32  .23  .07  .0824.ROCKVILLE          3  .04  .25  .62  .09  .00  .0024.ROCKVILLE          4  .01  .20  .14  .33  .19  .1324.ROCKVILLE         14  .02  .13  .26  .21  .24  .1324.ROCKVILLE         24  .04  .25  .35  .21  .07  .0725.KENSINGTON_WHEATO  1  .00  .00  .25  .20  .55  .0025.KENSINGTON_WHEATO  2  .02  .21  .37  .26  .14  .0025.KENSINGTON_WHEATO  3  .10  .23  .33  .20  .12  .0125.KENSINGTON_WHEATO  4  .09  .18  .26  .07  .12  .2925.KENSINGTON_WHEATO 14  .03  .17  .34  .23  .21  .0225.KENSINGTON_WHEATO 24  .03  .21  .36  .24  .14  .0226.ASPEN_HILL         2  .04  .11  .28  .19  .20  .1826.ASPEN_HILL         3  .02  .13  .26  .08  .41  .1026.ASPEN_HILL         4  .16  .26  .28  .30  .00  .0026.ASPEN_HILL        14  .04  .13  .28  .18  .22  .1526.ASPEN_HILL        24  .04  .13  .28  .18  .22  .1527.FAIRLAND_WHITE_OA  1  .00  .00  .08  .36  .56  .0027.FAIRLAND_WHITE_OA  2  .01  .25  .32  .25  .12  .0527.FAIRLAND_WHITE_OA  3  .03  .15  .37  .10  .16  .1827.FAIRLAND_WHITE_OA  4  .06  .16  .06  .15  .05  .5127.FAIRLAND_WHITE_OA 14  .01  .14  .24  .26  .28  .0727.FAIRLAND_WHITE_OA 24  .02  .22  .32  .20  .13  .1128.CLOVERLY           2  .00  .36  .39  .23  .00  .0228.CLOVERLY           3  .02  .11  .27  .16  .38  .0628.CLOVERLY           4  .06  .21  .09  .64  .00  .0028.CLOVERLY          14  .01  .25  .32  .23  .15  .0328.CLOVERLY          24  .01  .25  .32  .23  .15  .0329.OLNEY              2  .03  .26  .31  .35  .01  .0329.OLNEY              3  .21  .19  .19  .31  .00  .1029.OLNEY              4  .06  .23  .57  .14  .00  .0029.OLNEY             14  .07  .24  .31  .32  .01  .0429.OLNEY             24  .07  .24  .31  .32  .01  .0430.GAITHERSBURG       1  .03  .07  .19  .16  .30  .2430.GAITHERSBURG       2  .05  .26  .29  .21  .13  .0630.GAITHERSBURG       3  .12  .45  .25  .03  .00  .1430.GAITHERSBURG       4  .01  .23  .47  .13  .00  .1630.GAITHERSBURG      14  .05  .19  .24  .17  .19  .1530.GAITHERSBURG      24  .06  .29  .28  .18  .11  .0831.DERWOOD_NEEDWOOD   1  .01  .04  .42  .39  .08  .0731.DERWOOD_NEEDWOOD   2  .05  .15  .28  .34  .04  .1531.DERWOOD_NEEDWOOD   3  .21  .23  .48  .08  .00  .0031.DERWOOD_NEEDWOOD   4  .02  .01  .24  .29  .30  .1431.DERWOOD_NEEDWOOD  14  .06  .12  .33  .30  .08  .1131.DERWOOD_NEEDWOOD  24  .07  .14  .31  .28  .08  .1232.MONTGOMERY_VILLAG  2  .07  .30  .30  .15  .02  .1732.MONTGOMERY_VILLAG  3  .26  .51  .04  .04  .03  .1232.MONTGOMERY_VILLAG  4  .05  .33  .28  .00  .17  .1732.MONTGOMERY_VILLAG 14  .13  .37  .21  .10  .04  .1532.MONTGOMERY_VILLAG 24  .13  .37  .21  .10  .04  .1533.NORTH_POTOMAC      1  .00  .00  .00 1.00  .00  .0033.NORTH_POTOMAC      2  .02  .17  .10  .44  .14  .1333.NORTH_POTOMAC      3  .23  .47  .18  .13  .00  .0033.NORTH_POTOMAC      4  .09  .35  .27  .29  .00  .0033.NORTH_POTOMAC     14  .08  .27  .13  .36  .08  .0833.NORTH_POTOMAC     24  .09  .28  .13  .33  .08  .0834.R_&_D_VILLAGE      1  .00  .00  .37  .49  .00  .1434.R_&_D_VILLAGE      2  .30  .39  .23  .05  .00  .0334.R_&_D_VILLAGE      3  .12  .27  .27  .21  .13  .0034.R_&_D_VILLAGE      4  .14  .20  .66  .00  .00  .0034.R_&_D_VILLAGE     14  .15  .23  .30  .24  .03  .0634.R_&_D_VILLAGE     24  .23  .34  .26  .11  .05  .0235.GERMANTOWN_WEST    1  .09  .08  .06  .21  .44  .1235.GERMANTOWN_WEST    2  .13  .31  .20  .16  .15  .0535.GERMANTOWN_WEST    3  .46  .20  .08  .26  .00  .0035.GERMANTOWN_WEST    4  .28  .65  .07  .00  .00  .0035.GERMANTOWN_WEST   14  .16  .26  .15  .18  .20  .0635.GERMANTOWN_WEST   24  .18  .31  .18  .17  .13  .0436.GERMANTOWN_EAST    1  .06  .03  .18  .11  .57  .0436.GERMANTOWN_EAST    2  .06  .34  .42  .12  .00  .0636.GERMANTOWN_EAST    3  .31  .69  .00  .00  .00  .0036.GERMANTOWN_EAST    4  .06  .10  .16  .00  .68  .0036.GERMANTOWN_EAST   14  .07  .17  .26  .10  .35  .0536.GERMANTOWN_EAST   24  .08  .33  .35  .09  .09  .0537.DAMASCUS           2  .04  .00  .59  .21  .16  .0037.DAMASCUS           3  .04  .15  .15  .41  .24  .0037.DAMASCUS           4  .19  .26  .00  .00  .55  .0037.DAMASCUS          14  .05  .11  .28  .32  .24  .0037.DAMASCUS          24  .05  .11  .28  .32  .24  .0038.PATUXENT_EAST      2  .00  .12  .44  .31  .12  .0138.PATUXENT_EAST      3  .02  .49  .41  .08  .00  .0038.PATUXENT_EAST      4  .00  .69  .31  .00  .00  .0038.PATUXENT_EAST     14  .01  .25  .43  .24  .08  .0138.PATUXENT_EAST     24  .01  .25  .43  .24  .08  .0155.PATUXENT_MID       2  .05  .04  .13  .12  .29  .3655.PATUXENT_MID       3  .09  .26  .30  .29  .05  .0055.PATUXENT_MID       4  .00  .01  .39  .26  .11  .2355.PATUXENT_MID      14  .05  .12  .30  .24  .12  .1655.PATUXENT_MID      24  .05  .12  .30  .24  .12  .1656.PATUXENT_WEST      2  .12  .00  .00  .88  .00  .0056.PATUXENT_WEST      3  .00  .00  .06  .43  .51  .0056.PATUXENT_WEST      4  .16  .00  .00  .00  .84  .0056.PATUXENT_WEST     14  .10  .00  .02  .45  .44  .0056.PATUXENT_WEST     24  .10  .00  .02  .45  .44  .0039.UPPER_ROCK_CREEK   2  .11  .31  .44  .14  .00  .0039.UPPER_ROCK_CREEK   3  .05  .37  .23  .18  .00  .1839.UPPER_ROCK_CREEK   4  .02  .05  .24  .34  .28  .0739.UPPER_ROCK_CREEK  14  .06  .25  .29  .22  .09  .0939.UPPER_ROCK_CREEK  24  .06  .25  .29  .22  .09  .0940.CLARKSBURG         1  .05  .17  .00  .06  .23  .4940.CLARKSBURG         2  .29  .05  .23  .00  .20  .2340.CLARKSBURG         3  .19  .38  .10  .00  .12  .2240.CLARKSBURG         4  .43  .57  .00  .00  .00  .0040.CLARKSBURG        14  .13  .21  .07  .03  .20  .3740.CLARKSBURG        24  .23  .25  .15  .00  .15  .2241.GOSHEN             2  .14  .27  .16  .15  .28  .0041.GOSHEN             3  .11  .28  .11  .49  .00  .0041.GOSHEN             4  .08  .02  .16  .34  .15  .2541.GOSHEN            14  .11  .23  .14  .37  .11  .0541.GOSHEN            24  .11  .23  .14  .37  .11  .0554.DICKERSON          2  .16  .56  .27  .00  .00  .0054.DICKERSON          3  .33  .00  .44  .00  .23  .0054.DICKERSON          4 1.00  .00  .00  .00  .00  .0054.DICKERSON         14  .34  .15  .36  .00  .15  .0054.DICKERSON         24  .34  .15  .36  .00  .15  .0058.LOWER_SENECA       2  .26  .09  .46  .19  .00  .0058.LOWER_SENECA       3  .34  .03  .63  .00  .00  .0058.LOWER_SENECA       4  .64  .36  .00  .00  .00  .0058.LOWER_SENECA      14  .34  .13  .41  .12  .00  .0058.LOWER_SENECA      24  .34  .13  .41  .12  .00  .0059.DARNESTOWN         2  .23  .26  .29  .15  .07  .0059.DARNESTOWN         3  .32  .05  .18  .44  .00  .0059.DARNESTOWN         4 1.00  .00  .00  .00  .00  .0059.DARNESTOWN        14  .27  .19  .25  .24  .05  .0059.DARNESTOWN        24  .27  .19  .25  .24  .05  .0060.TRAVILAH           2  .17  .44  .39  .00  .00  .0060.TRAVILAH           3  .33  .38  .24  .06  .00  .0060.TRAVILAH           4  .14  .18  .10  .15  .28  .1460.TRAVILAH          14  .22  .32  .23  .08  .10  .0560.TRAVILAH          24  .22  .32  .23  .08  .10  .0561.BENNETT            1  .00  .27  .00  .00  .22  .5161.BENNETT            2  .21  .00  .00  .00  .79  .0061.BENNETT            3  .15  .28  .15  .09  .13  .1961.BENNETT            4  .07  .20  .20  .00  .00  .5261.BENNETT           14  .09  .23  .08  .03  .22  .3561.BENNETT           24  .14  .20  .14  .04  .22  .2642.POOLESVILLE        2  .64  .36  .00  .00  .00  .0042.POOLESVILLE        3  .79  .21  .00  .00  .00  .0042.POOLESVILLE        4  .26  .74  .00  .00  .00  .0042.POOLESVILLE       14  .66  .34  .00  .00  .00  .0042.POOLESVILLE       24  .66  .34  .00  .00  .00  .00