rep.SIMLOS (Simulated Level Of Service percentages)                    rt    A    B    C    D    E    F==============================================================00.Washington_DC      1  .03  .07  .24  .30  .28  .0800.Washington_DC      2  .05  .17  .31  .31  .14  .0200.Washington_DC      3  .09  .20  .29  .27  .13  .0300.Washington_DC      4  .19  .26  .14  .19  .22  .0100.Washington_DC     14  .05  .14  .28  .30  .18  .0400.Washington_DC     24  .06  .18  .31  .30  .14  .0202.Prince_Georges     1  .01  .02  .08  .57  .26  .0502.Prince_Georges     2  .03  .16  .23  .34  .21  .0302.Prince_Georges     3  .03  .18  .24  .29  .14  .1202.Prince_Georges     4  .03  .15  .30  .26  .15  .1002.Prince_Georges    14  .02  .09  .16  .46  .22  .0602.Prince_Georges    24  .03  .16  .25  .31  .18  .0703.Alexandria         1  .01  .04  .31  .50  .09  .0503.Alexandria         2  .12  .28  .20  .17  .12  .1003.Alexandria         3  .11  .26  .34  .18  .04  .0603.Alexandria         4  .10  .13  .26  .24  .02  .2403.Alexandria        14  .07  .18  .29  .31  .09  .0703.Alexandria        24  .12  .27  .27  .18  .08  .0804.Arlington          1  .01  .08  .10  .43  .24  .1404.Arlington          2  .05  .19  .29  .35  .10  .0204.Arlington          3  .11  .24  .32  .24  .09  .0104.Arlington          4  .18  .32  .28  .17  .01  .0404.Arlington         14  .04  .14  .19  .37  .17  .0904.Arlington         24  .07  .21  .30  .30  .10  .0205.Fairfax            1  .01  .05  .17  .37  .22  .1905.Fairfax            2  .02  .10  .19  .30  .26  .1205.Fairfax            3  .03  .09  .24  .29  .20  .1705.Fairfax            4  .03  .11  .19  .26  .21  .2105.Fairfax           14  .02  .07  .20  .32  .22  .1705.Fairfax           24  .02  .10  .22  .29  .22  .1606.Loudoun            1  .03  .97  .00  .00  .00  .0006.Loudoun            2  .02  .13  .23  .43  .10  .0906.Loudoun            3  .00  .09  .16  .46  .13  .1706.Loudoun            4  .05  .09  .30  .41  .13  .0206.Loudoun           14  .02  .16  .20  .41  .11  .1006.Loudoun           24  .02  .10  .22  .43  .12  .1007.Prince_William     1  .15  .20  .28  .13  .11  .1407.Prince_William     2  .22  .21  .40  .08  .00  .0907.Prince_William     3  .04  .10  .12  .18  .23  .3307.Prince_William     4  .02  .11  .19  .13  .23  .3207.Prince_William    14  .09  .15  .22  .14  .17  .2407.Prince_William    24  .05  .12  .18  .14  .21  .3009.Frederick          1  .15  .25  .19  .20  .15  .0609.Frederick          2  .07  .26  .19  .20  .24  .0409.Frederick          3  .20  .25  .20  .23  .06  .0609.Frederick          4  .08  .27  .17  .26  .20  .0309.Frederick         14  .13  .26  .19  .21  .16  .0609.Frederick         24  .12  .26  .19  .22  .17  .0510.Baltimore_City     1  .02  .18  .53  .27  .00  .0010.Baltimore_City     2  .10  .25  .32  .21  .07  .0510.Baltimore_City     3  .10  .27  .30  .20  .11  .0310.Baltimore_City    14  .07  .23  .39  .23  .05  .0310.Baltimore_City    24  .10  .25  .32  .21  .08  .0411.Baltimore_Co       1  .02  .07  .38  .41  .08  .0411.Baltimore_Co       2  .06  .12  .24  .28  .23  .0711.Baltimore_Co       3  .04  .10  .21  .20  .27  .1811.Baltimore_Co      14  .04  .09  .30  .33  .16  .0811.Baltimore_Co      24  .05  .11  .23  .24  .25  .1212.Harford            1  .16  .11  .46  .25  .02  .0012.Harford            2  .04  .04  .18  .21  .51  .0112.Harford            3  .03  .19  .05  .33  .18  .2112.Harford           14  .08  .11  .23  .27  .23  .0812.Harford           24  .04  .12  .11  .27  .34  .1213.Carroll            1  .00  .32  .64  .01  .00  .0213.Carroll            2  .02  .53  .37  .00  .08  .0013.Carroll            3  .02  .21  .27  .31  .15  .0313.Carroll           14  .02  .26  .34  .24  .12  .0313.Carroll           24  .02  .24  .28  .28  .14  .0314.Howard             1  .00  .07  .19  .34  .38  .0214.Howard             2  .01  .02  .10  .36  .31  .1914.Howard             3  .02  .05  .21  .38  .21  .1414.Howard            14  .01  .05  .18  .35  .32  .0914.Howard            24  .02  .03  .16  .37  .26  .1615.Anne_Arundel       1  .02  .05  .22  .28  .38  .0515.Anne_Arundel       2  .03  .09  .24  .23  .20  .2115.Anne_Arundel       3  .04  .10  .22  .18  .18  .2615.Anne_Arundel      14  .03  .07  .22  .25  .30  .1315.Anne_Arundel      24  .04  .10  .23  .21  .19  .2320.BETHESDA_CHEVY_CH  1  .00  .03  .16  .23  .23  .3520.BETHESDA_CHEVY_CH  2  .02  .24  .39  .19  .13  .0320.BETHESDA_CHEVY_CH  3  .08  .23  .30  .20  .08  .1020.BETHESDA_CHEVY_CH  4  .12  .29  .25  .20  .07  .0720.BETHESDA_CHEVY_CH 14  .02  .13  .25  .21  .18  .2220.BETHESDA_CHEVY_CH 24  .04  .25  .35  .19  .11  .0521.SILVER_SPRING      1  .00  .00  .02  .26  .39  .3421.SILVER_SPRING      2  .02  .22  .23  .15  .08  .3021.SILVER_SPRING      3  .10  .33  .18  .05  .06  .2821.SILVER_SPRING      4  .08  .23  .29  .17  .07  .1621.SILVER_SPRING     14  .03  .17  .16  .17  .17  .3021.SILVER_SPRING     24  .05  .24  .23  .13  .07  .2822.POTOMAC            1  .02  .01  .04  .60  .07  .2622.POTOMAC            2  .03  .21  .35  .16  .06  .1922.POTOMAC            3  .17  .33  .28  .09  .00  .1322.POTOMAC            4  .14  .23  .26  .37  .00  .0022.POTOMAC           14  .06  .14  .18  .39  .04  .1922.POTOMAC           24  .11  .26  .30  .19  .02  .1223.N_BETHESDA         1  .00  .07  .06  .15  .08  .6423.N_BETHESDA         2  .01  .25  .39  .30  .01  .0423.N_BETHESDA         3  .07  .36  .30  .13  .14  .0023.N_BETHESDA         4  .19  .33  .37  .12  .00  .0023.N_BETHESDA        14  .04  .25  .29  .20  .06  .1623.N_BETHESDA        24  .05  .30  .35  .21  .06  .0224.ROCKVILLE          1  .01  .00  .24  .35  .36  .0424.ROCKVILLE          2  .03  .27  .39  .22  .02  .0724.ROCKVILLE          3  .11  .53  .35  .00  .00  .0024.ROCKVILLE          4  .19  .30  .43  .08  .00  .0024.ROCKVILLE         14  .04  .16  .32  .26  .19  .0424.ROCKVILLE         24  .07  .32  .39  .16  .01  .0525.KENSINGTON_WHEATO  1  .00  .00  .00  .42  .58  .0025.KENSINGTON_WHEATO  2  .03  .34  .27  .25  .06  .0425.KENSINGTON_WHEATO  3  .10  .62  .27  .02  .00  .0025.KENSINGTON_WHEATO  4  .26  .32  .11  .17  .00  .1525.KENSINGTON_WHEATO 14  .05  .29  .21  .26  .16  .0425.KENSINGTON_WHEATO 24  .06  .37  .26  .22  .05  .0426.ASPEN_HILL         2  .06  .17  .28  .17  .21  .1126.ASPEN_HILL         3  .05  .21  .28  .14  .33  .0026.ASPEN_HILL         4  .26  .46  .27  .00  .00  .0026.ASPEN_HILL        14  .08  .21  .28  .15  .22  .0726.ASPEN_HILL        24  .08  .21  .28  .15  .22  .0727.FAIRLAND_WHITE_OA  1  .00  .00  .01  .42  .32  .2527.FAIRLAND_WHITE_OA  2  .00  .21  .45  .29  .04  .0027.FAIRLAND_WHITE_OA  3  .06  .47  .20  .15  .13  .0027.FAIRLAND_WHITE_OA  4  .22  .33  .23  .22  .00  .0027.FAIRLAND_WHITE_OA 14  .02  .18  .25  .31  .15  .0927.FAIRLAND_WHITE_OA 24  .03  .28  .38  .25  .06  .0028.CLOVERLY           2  .00  .18  .36  .21  .25  .0028.CLOVERLY           3  .10  .43  .29  .18  .00  .0028.CLOVERLY           4  .19  .15  .67  .00  .00  .0028.CLOVERLY          14  .06  .29  .36  .17  .11  .0028.CLOVERLY          24  .06  .29  .36  .17  .11  .0029.OLNEY              2  .03  .28  .30  .25  .14  .0029.OLNEY              3  .33  .20  .40  .06  .00  .0029.OLNEY              4  .07  .71  .22  .00  .00  .0029.OLNEY             14  .10  .32  .31  .17  .09  .0029.OLNEY             24  .10  .32  .31  .17  .09  .0030.GAITHERSBURG       1  .04  .10  .20  .21  .46  .0030.GAITHERSBURG       2  .08  .24  .29  .20  .15  .0430.GAITHERSBURG       3  .35  .26  .03  .11  .07  .1730.GAITHERSBURG       4  .54  .00  .46  .00  .00  .0030.GAITHERSBURG      14  .08  .17  .23  .20  .30  .0330.GAITHERSBURG      24  .12  .24  .26  .19  .14  .0631.DERWOOD_NEEDWOOD   1  .02  .30  .39  .13  .16  .0031.DERWOOD_NEEDWOOD   2  .09  .33  .30  .12  .08  .0831.DERWOOD_NEEDWOOD   3  .34  .41  .14  .11  .00  .0031.DERWOOD_NEEDWOOD   4  .05  .36  .45  .14  .00  .0031.DERWOOD_NEEDWOOD  14  .11  .34  .32  .12  .07  .0431.DERWOOD_NEEDWOOD  24  .13  .35  .30  .12  .05  .0532.MONTGOMERY_VILLAG  2  .13  .24  .17  .12  .14  .2032.MONTGOMERY_VILLAG  3  .23  .41  .20  .06  .00  .1032.MONTGOMERY_VILLAG  4  .31  .30  .29  .10  .00  .0032.MONTGOMERY_VILLAG 14  .18  .30  .19  .09  .08  .1532.MONTGOMERY_VILLAG 24  .18  .30  .19  .09  .08  .1533.NORTH_POTOMAC      2  .01  .17  .23  .25  .26  .0733.NORTH_POTOMAC      3  .17  .47  .36  .00  .00  .0033.NORTH_POTOMAC      4  .51  .18  .31  .00  .00  .0033.NORTH_POTOMAC     14  .09  .23  .26  .18  .19  .0533.NORTH_POTOMAC     24  .09  .23  .26  .18  .19  .0534.R_&_D_VILLAGE      1  .00  .00  .36  .50  .14  .0034.R_&_D_VILLAGE      2  .30  .42  .19  .07  .00  .0334.R_&_D_VILLAGE      3  .14  .30  .43  .14  .00  .0034.R_&_D_VILLAGE      4  .48  .00  .52  .00  .00  .0034.R_&_D_VILLAGE     14  .15  .23  .32  .23  .05  .0134.R_&_D_VILLAGE     24  .23  .35  .30  .09  .00  .0235.GERMANTOWN_WEST    1  .00  .19  .06  .21  .12  .4235.GERMANTOWN_WEST    2  .17  .24  .37  .07  .11  .0335.GERMANTOWN_WEST    3  .56  .35  .04  .05  .00  .0035.GERMANTOWN_WEST    4  .41  .49  .00  .10  .00  .0035.GERMANTOWN_WEST   14  .17  .25  .24  .11  .10  .1435.GERMANTOWN_WEST   24  .24  .27  .31  .07  .09  .0336.GERMANTOWN_EAST    1  .00  .11  .17  .08  .36  .2836.GERMANTOWN_EAST    2  .03  .25  .24  .21  .12  .1636.GERMANTOWN_EAST    3  .08  .12  .23  .11  .13  .3336.GERMANTOWN_EAST    4  .11  .64  .20  .06  .00  .0036.GERMANTOWN_EAST   14  .02  .18  .20  .12  .25  .2436.GERMANTOWN_EAST   24  .05  .27  .23  .17  .10  .1837.DAMASCUS           2  .01  .05  .16  .08  .49  .2237.DAMASCUS           3  .03  .09  .21  .35  .06  .2637.DAMASCUS           4  .34  .17  .00  .00  .49  .0037.DAMASCUS          14  .05  .08  .18  .24  .23  .2237.DAMASCUS          24  .05  .08  .18  .24  .23  .2238.PATUXENT_EAST      2  .02  .12  .44  .33  .10  .0038.PATUXENT_EAST      3  .06  .29  .65  .00  .00  .0038.PATUXENT_EAST      4  .39  .61  .00  .00  .00  .0038.PATUXENT_EAST     14  .04  .19  .51  .21  .06  .0038.PATUXENT_EAST     24  .04  .19  .51  .21  .06  .0055.PATUXENT_MID       2  .10  .14  .45  .00  .31  .0055.PATUXENT_MID       3  .19  .43  .28  .04  .00  .0555.PATUXENT_MID       4  .00  .03  .65  .22  .10  .0055.PATUXENT_MID      14  .09  .20  .48  .11  .11  .0255.PATUXENT_MID      24  .09  .20  .48  .11  .11  .0256.PATUXENT_WEST      2  .00  .18  .00  .00  .43  .4056.PATUXENT_WEST      3  .00  .00  .06  .42  .00  .5256.PATUXENT_WEST      4  .05  .27  .00  .00  .68  .0056.PATUXENT_WEST     14  .02  .17  .02  .11  .42  .2756.PATUXENT_WEST     24  .02  .17  .02  .11  .42  .2739.UPPER_ROCK_CREEK   2  .14  .52  .26  .08  .00  .0039.UPPER_ROCK_CREEK   3  .12  .45  .07  .37  .00  .0039.UPPER_ROCK_CREEK   4  .07  .24  .56  .05  .08  .0039.UPPER_ROCK_CREEK  14  .11  .40  .28  .18  .02  .0039.UPPER_ROCK_CREEK  24  .11  .40  .28  .18  .02  .0040.CLARKSBURG         1  .00  .06  .24  .00  .05  .6540.CLARKSBURG         2  .00  .26  .31  .08  .00  .3540.CLARKSBURG         3  .09  .09  .54  .00  .00  .2840.CLARKSBURG         4 1.00  .00  .00  .00  .00  .0040.CLARKSBURG        14  .03  .11  .34  .02  .03  .4840.CLARKSBURG        24  .06  .15  .45  .03  .00  .3041.GOSHEN             2  .16  .06  .25  .17  .00  .3741.GOSHEN             3  .15  .22  .28  .24  .00  .1141.GOSHEN             4  .12  .23  .65  .00  .00  .0041.GOSHEN            14  .15  .17  .32  .19  .00  .1841.GOSHEN            24  .15  .17  .32  .19  .00  .1854.DICKERSON          2  .15  .00  .00  .85  .00  .0054.DICKERSON          3  .33  .05  .26  .13  .00  .2354.DICKERSON          4 1.00  .00  .00  .00  .00  .0054.DICKERSON         14  .34  .03  .17  .32  .00  .1454.DICKERSON         24  .34  .03  .17  .32  .00  .1458.LOWER_SENECA       2  .19  .19  .00  .13  .48  .0058.LOWER_SENECA       3  .24  .12  .64  .00  .00  .0058.LOWER_SENECA       4  .47  .53  .00  .00  .00  .0058.LOWER_SENECA      14  .25  .24  .10  .09  .33  .0058.LOWER_SENECA      24  .25  .24  .10  .09  .33  .0059.DARNESTOWN         2  .19  .13  .20  .24  .25  .0059.DARNESTOWN         3  .26  .20  .54  .00  .00  .0059.DARNESTOWN         4 1.00  .00  .00  .00  .00  .0059.DARNESTOWN        14  .22  .15  .30  .16  .17  .0059.DARNESTOWN        24  .22  .15  .30  .16  .17  .0060.TRAVILAH           2  .07  .12  .42  .25  .14  .0060.TRAVILAH           3  .26  .57  .10  .00  .08  .0060.TRAVILAH           4  .31  .11  .20  .21  .16  .0060.TRAVILAH          14  .22  .29  .23  .14  .12  .0060.TRAVILAH          24  .22  .29  .23  .14  .12  .0061.BENNETT            1  .00  .00  .34  .00  .00  .6661.BENNETT            2  .13  .21  .00  .00  .66  .0061.BENNETT            3  .09  .11  .18  .33  .03  .2661.BENNETT            4  .08  .09  .38  .00  .33  .1261.BENNETT           14  .06  .08  .25  .12  .15  .3561.BENNETT           24  .09  .12  .20  .18  .23  .1742.POOLESVILLE        2  .20  .53  .00  .27  .00  .0042.POOLESVILLE        3  .65  .18  .17  .00  .00  .0042.POOLESVILLE        4  .26  .74  .00  .00  .00  .0042.POOLESVILLE       14  .41  .42  .07  .10  .00  .0042.POOLESVILLE       24  .41  .42  .07  .10  .00  .00