rep.SIMLOS (Simulated Level Of Service percentages)                    rt    A    B    C    D    E    F==============================================================00.Washington_DC      1  .02  .09  .29  .28  .25  .0700.Washington_DC      2  .06  .18  .34  .27  .13  .0200.Washington_DC      3  .08  .22  .30  .22  .15  .0400.Washington_DC      4  .02  .01  .09  .73  .15  .0000.Washington_DC     14  .05  .14  .31  .29  .17  .0400.Washington_DC     24  .06  .17  .32  .29  .13  .0202.Prince_Georges     1  .01  .03  .09  .54  .28  .0502.Prince_Georges     2  .04  .19  .32  .29  .13  .0302.Prince_Georges     3  .04  .16  .26  .31  .15  .0902.Prince_Georges     4  .04  .11  .24  .40  .14  .0802.Prince_Georges    14  .02  .09  .18  .44  .22  .0502.Prince_Georges    24  .04  .16  .28  .32  .14  .0603.Alexandria         1  .00  .04  .38  .44  .12  .0203.Alexandria         2  .14  .20  .33  .23  .08  .0203.Alexandria         3  .12  .31  .31  .12  .12  .0103.Alexandria         4  .08  .08  .20  .32  .30  .0103.Alexandria        14  .08  .16  .35  .29  .11  .0203.Alexandria        24  .13  .25  .32  .18  .11  .0204.Arlington          1  .01  .10  .13  .41  .29  .0504.Arlington          2  .08  .23  .31  .21  .12  .0604.Arlington          3  .11  .24  .35  .20  .08  .0104.Arlington          4  .18  .01  .56  .14  .07  .0404.Arlington         14  .04  .15  .21  .33  .21  .0504.Arlington         24  .10  .23  .34  .20  .10  .0305.Fairfax            1  .01  .06  .21  .33  .26  .1505.Fairfax            2  .03  .14  .24  .30  .22  .0705.Fairfax            3  .04  .15  .24  .24  .19  .1405.Fairfax            4  .05  .12  .18  .33  .15  .1705.Fairfax           14  .02  .11  .22  .29  .23  .1305.Fairfax           24  .04  .14  .24  .27  .20  .1106.Loudoun            1  .03  .77  .12  .08  .00  .0006.Loudoun            2  .03  .30  .19  .39  .05  .0306.Loudoun            3  .03  .15  .00  .21  .29  .3106.Loudoun            4  .08  .04  .36  .23  .21  .0806.Loudoun           14  .03  .28  .18  .33  .10  .0806.Loudoun           24  .03  .24  .18  .34  .11  .0807.Prince_William     1  .14  .17  .17  .30  .10  .1307.Prince_William     2  .11  .22  .24  .10  .17  .1607.Prince_William     3  .02  .10  .27  .02  .50  .0807.Prince_William     4  .05  .06  .13  .41  .23  .1007.Prince_William    14  .09  .15  .20  .20  .22  .1307.Prince_William    24  .07  .15  .22  .15  .28  .1209.Frederick          1  .15  .23  .22  .20  .19  .0209.Frederick          2  .07  .25  .21  .20  .23  .0409.Frederick          3  .16  .30  .18  .21  .09  .0609.Frederick          4  .08  .27  .16  .26  .20  .0309.Frederick         14  .12  .25  .21  .21  .18  .0309.Frederick         24  .10  .27  .19  .21  .18  .0510.Baltimore_City     1  .02  .18  .50  .29  .00  .0010.Baltimore_City     2  .10  .25  .31  .22  .07  .0510.Baltimore_City     3  .10  .27  .29  .21  .10  .0310.Baltimore_City    14  .07  .23  .38  .24  .05  .0310.Baltimore_City    24  .10  .25  .31  .22  .08  .0411.Baltimore_Co       1  .03  .06  .38  .42  .08  .0411.Baltimore_Co       2  .06  .12  .24  .27  .26  .0511.Baltimore_Co       3  .04  .10  .20  .22  .24  .1911.Baltimore_Co      14  .04  .08  .30  .33  .17  .0811.Baltimore_Co      24  .05  .11  .22  .25  .25  .1212.Harford            1  .16  .11  .47  .25  .02  .0012.Harford            2  .05  .04  .20  .19  .51  .0212.Harford            3  .04  .17  .08  .32  .18  .2112.Harford           14  .08  .11  .25  .26  .23  .0812.Harford           24  .04  .10  .14  .26  .34  .1213.Carroll            1  .00  .32  .65  .01  .00  .0213.Carroll            2  .01  .54  .37  .00  .08  .0013.Carroll            3  .02  .21  .27  .31  .15  .0313.Carroll           14  .02  .25  .34  .24  .12  .0313.Carroll           24  .02  .24  .28  .28  .15  .0314.Howard             1  .00  .06  .20  .28  .43  .0214.Howard             2  .01  .03  .10  .35  .31  .2014.Howard             3  .02  .04  .21  .40  .19  .1414.Howard            14  .01  .05  .18  .33  .34  .0914.Howard            24  .02  .04  .15  .37  .25  .1715.Anne_Arundel       1  .02  .05  .22  .28  .38  .0515.Anne_Arundel       2  .03  .09  .25  .21  .20  .2215.Anne_Arundel       3  .04  .10  .23  .18  .18  .2615.Anne_Arundel      14  .03  .07  .23  .25  .30  .1315.Anne_Arundel      24  .04  .10  .24  .20  .19  .2420.BETHESDA_CHEVY_CH  1  .00  .02  .17  .23  .24  .3420.BETHESDA_CHEVY_CH  2  .01  .22  .41  .16  .16  .0320.BETHESDA_CHEVY_CH  3  .08  .27  .23  .25  .07  .1020.BETHESDA_CHEVY_CH  4  .12  .26  .15  .24  .12  .1120.BETHESDA_CHEVY_CH 14  .02  .12  .24  .21  .19  .2120.BETHESDA_CHEVY_CH 24  .04  .24  .34  .19  .13  .0621.SILVER_SPRING      1  .00  .00  .00  .27  .73  .0021.SILVER_SPRING      2  .02  .21  .20  .16  .08  .3321.SILVER_SPRING      3  .14  .31  .15  .04  .06  .3021.SILVER_SPRING      4  .10  .23  .25  .17  .05  .2121.SILVER_SPRING     14  .04  .16  .14  .18  .28  .2121.SILVER_SPRING     24  .05  .23  .20  .14  .07  .3122.POTOMAC            1  .02  .01  .02  .62  .12  .2122.POTOMAC            2  .02  .20  .31  .24  .04  .1922.POTOMAC            3  .16  .26  .35  .14  .05  .0422.POTOMAC            4  .17  .24  .20  .33  .06  .0022.POTOMAC           14  .07  .13  .16  .42  .08  .1522.POTOMAC           24  .11  .23  .29  .23  .05  .0923.N_BETHESDA         1  .00  .06  .00  .19  .65  .1023.N_BETHESDA         2  .00  .33  .38  .23  .06  .0023.N_BETHESDA         3  .07  .33  .35  .12  .13  .0023.N_BETHESDA         4  .20  .36  .38  .06  .00  .0023.N_BETHESDA        14  .04  .26  .27  .17  .23  .0323.N_BETHESDA        24  .06  .33  .37  .16  .08  .0024.ROCKVILLE          1  .01  .00  .18  .31  .47  .0424.ROCKVILLE          2  .03  .31  .37  .16  .05  .0724.ROCKVILLE          3  .11  .53  .36  .00  .00  .0024.ROCKVILLE          4  .14  .49  .30  .08  .00  .0024.ROCKVILLE         14  .03  .18  .27  .22  .26  .0424.ROCKVILLE         24  .06  .37  .36  .12  .04  .0525.KENSINGTON_WHEATO  1  .00  .00  .00  .42  .58  .0025.KENSINGTON_WHEATO  2  .03  .28  .32  .22  .11  .0425.KENSINGTON_WHEATO  3  .15  .54  .25  .06  .00  .0025.KENSINGTON_WHEATO  4  .24  .32  .10  .18  .00  .1625.KENSINGTON_WHEATO 14  .05  .25  .24  .24  .19  .0425.KENSINGTON_WHEATO 24  .06  .31  .30  .20  .09  .0526.ASPEN_HILL         2  .05  .20  .21  .16  .24  .1426.ASPEN_HILL         3  .03  .25  .29  .29  .15  .0026.ASPEN_HILL         4  .25  .51  .23  .00  .00  .0026.ASPEN_HILL        14  .06  .25  .23  .17  .19  .0926.ASPEN_HILL        24  .06  .25  .23  .17  .19  .0927.FAIRLAND_WHITE_OA  1  .00  .00  .00  .43  .57  .0027.FAIRLAND_WHITE_OA  2  .01  .26  .47  .23  .03  .0127.FAIRLAND_WHITE_OA  3  .09  .40  .23  .11  .15  .0227.FAIRLAND_WHITE_OA  4  .18  .21  .37  .19  .04  .0027.FAIRLAND_WHITE_OA 14  .03  .19  .25  .28  .25  .0127.FAIRLAND_WHITE_OA 24  .04  .30  .40  .19  .06  .0128.CLOVERLY           2  .02  .21  .28  .30  .20  .0028.CLOVERLY           3  .03  .29  .41  .21  .06  .0028.CLOVERLY           4  .27  .08  .65  .00  .00  .0028.CLOVERLY          14  .05  .23  .38  .23  .11  .0028.CLOVERLY          24  .05  .23  .38  .23  .11  .0029.OLNEY              2  .04  .28  .29  .33  .03  .0329.OLNEY              3  .26  .28  .40  .06  .00  .0029.OLNEY              4  .20  .80  .00  .00  .00  .0029.OLNEY             14  .11  .35  .28  .23  .02  .0229.OLNEY             24  .11  .35  .28  .23  .02  .0230.GAITHERSBURG       1  .04  .10  .16  .25  .45  .0030.GAITHERSBURG       2  .08  .26  .29  .20  .12  .0530.GAITHERSBURG       3  .39  .38  .01  .03  .08  .1230.GAITHERSBURG       4  .24  .40  .36  .00  .00  .0030.GAITHERSBURG      14  .08  .19  .21  .21  .28  .0330.GAITHERSBURG      24  .12  .28  .25  .18  .11  .0531.DERWOOD_NEEDWOOD   1  .00  .31  .39  .13  .17  .0031.DERWOOD_NEEDWOOD   2  .07  .34  .32  .12  .08  .0831.DERWOOD_NEEDWOOD   3  .33  .52  .15  .00  .00  .0031.DERWOOD_NEEDWOOD   4  .08  .27  .33  .23  .09  .0031.DERWOOD_NEEDWOOD  14  .10  .35  .31  .12  .09  .0431.DERWOOD_NEEDWOOD  24  .12  .36  .29  .12  .06  .0532.MONTGOMERY_VILLAG  2  .09  .35  .20  .19  .08  .0832.MONTGOMERY_VILLAG  3  .34  .32  .18  .06  .02  .0732.MONTGOMERY_VILLAG  4  .47  .07  .28  .19  .00  .0032.MONTGOMERY_VILLAG 14  .21  .32  .20  .15  .06  .0732.MONTGOMERY_VILLAG 24  .21  .32  .20  .15  .06  .0733.NORTH_POTOMAC      1  .00  .00  .00 1.00  .00  .0033.NORTH_POTOMAC      2  .02  .16  .49  .08  .17  .0833.NORTH_POTOMAC      3  .22  .69  .10  .00  .00  .0033.NORTH_POTOMAC      4  .35  .19  .45  .00  .00  .0033.NORTH_POTOMAC     14  .10  .29  .37  .09  .11  .0533.NORTH_POTOMAC     24  .10  .30  .38  .05  .11  .0534.R_&_D_VILLAGE      1  .00  .00  .37  .49  .14  .0034.R_&_D_VILLAGE      2  .27  .46  .17  .06  .00  .0334.R_&_D_VILLAGE      3  .15  .53  .31  .00  .00  .0034.R_&_D_VILLAGE      4  .42  .18  .40  .00  .00  .0034.R_&_D_VILLAGE     14  .15  .31  .28  .20  .05  .0134.R_&_D_VILLAGE     24  .23  .48  .23  .04  .00  .0235.GERMANTOWN_WEST    1  .00  .20  .06  .20  .12  .4235.GERMANTOWN_WEST    2  .17  .25  .34  .09  .12  .0335.GERMANTOWN_WEST    3  .54  .37  .04  .05  .00  .0035.GERMANTOWN_WEST    4  .66  .34  .00  .00  .00  .0035.GERMANTOWN_WEST   14  .18  .25  .22  .11  .10  .1335.GERMANTOWN_WEST   24  .25  .27  .28  .08  .10  .0336.GERMANTOWN_EAST    1  .00  .12  .18  .08  .36  .2836.GERMANTOWN_EAST    2  .03  .17  .39  .16  .04  .2136.GERMANTOWN_EAST    3  .06  .16  .25  .09  .12  .3336.GERMANTOWN_EAST    4  .19  .38  .19  .24  .00  .0036.GERMANTOWN_EAST   14  .02  .15  .25  .11  .22  .2436.GERMANTOWN_EAST   24  .05  .20  .34  .16  .05  .2137.DAMASCUS           2  .05  .12  .00  .09  .28  .4537.DAMASCUS           3  .03  .13  .10  .28  .24  .2237.DAMASCUS           4  .18  .39  .00  .00  .43  .0037.DAMASCUS          14  .05  .16  .06  .20  .27  .2737.DAMASCUS          24  .05  .16  .06  .20  .27  .2738.PATUXENT_EAST      2  .02  .15  .46  .28  .10  .0038.PATUXENT_EAST      3  .03  .43  .54  .00  .00  .0038.PATUXENT_EAST      4  .63  .37  .00  .00  .00  .0038.PATUXENT_EAST     14  .03  .25  .48  .18  .06  .0038.PATUXENT_EAST     24  .03  .25  .48  .18  .06  .0055.PATUXENT_MID       2  .10  .13  .47  .29  .00  .0055.PATUXENT_MID       3  .15  .49  .27  .04  .00  .0655.PATUXENT_MID       4  .01  .07  .60  .32  .00  .0055.PATUXENT_MID      14  .08  .23  .46  .21  .00  .0255.PATUXENT_MID      24  .08  .23  .46  .21  .00  .0256.PATUXENT_WEST      2  .08  .08  .00  .00  .00  .8456.PATUXENT_WEST      3  .00  .00  .06  .41  .00  .5356.PATUXENT_WEST      4  .05  .09  .21  .00  .65  .0056.PATUXENT_WEST     14  .05  .06  .10  .10  .27  .4156.PATUXENT_WEST     24  .05  .06  .10  .10  .27  .4139.UPPER_ROCK_CREEK   2  .20  .36  .44  .00  .00  .0039.UPPER_ROCK_CREEK   3  .14  .40  .07  .22  .17  .0039.UPPER_ROCK_CREEK   4  .08  .22  .59  .07  .03  .0039.UPPER_ROCK_CREEK  14  .14  .33  .34  .11  .08  .0039.UPPER_ROCK_CREEK  24  .14  .33  .34  .11  .08  .0040.CLARKSBURG         1  .00  .06  .25  .00  .50  .1940.CLARKSBURG         2  .00  .24  .23  .19  .00  .3540.CLARKSBURG         3  .09  .09  .54  .00  .00  .2840.CLARKSBURG         4 1.00  .00  .00  .00  .00  .0040.CLARKSBURG        14  .03  .10  .33  .04  .25  .2440.CLARKSBURG        24  .06  .15  .42  .07  .00  .3041.GOSHEN             2  .09  .09  .05  .42  .00  .3641.GOSHEN             3  .08  .18  .41  .16  .06  .1141.GOSHEN             4  .10  .14  .35  .40  .00  .0041.GOSHEN            14  .09  .15  .28  .28  .03  .1741.GOSHEN            24  .09  .15  .28  .28  .03  .1754.DICKERSON          2  .15  .00  .00  .85  .00  .0054.DICKERSON          3  .32  .05  .26  .14  .00  .2354.DICKERSON          4 1.00  .00  .00  .00  .00  .0054.DICKERSON         14  .34  .03  .16  .32  .00  .1454.DICKERSON         24  .34  .03  .16  .32  .00  .1458.LOWER_SENECA       2  .18  .21  .00  .13  .48  .0058.LOWER_SENECA       3  .23  .13  .64  .00  .00  .0058.LOWER_SENECA       4  .45  .55  .00  .00  .00  .0058.LOWER_SENECA      14  .23  .25  .09  .09  .34  .0058.LOWER_SENECA      24  .23  .25  .09  .09  .34  .0059.DARNESTOWN         2  .17  .12  .21  .24  .26  .0059.DARNESTOWN         3  .29  .28  .43  .00  .00  .0059.DARNESTOWN         4 1.00  .00  .00  .00  .00  .0059.DARNESTOWN        14  .21  .16  .27  .17  .18  .0059.DARNESTOWN        24  .21  .16  .27  .17  .18  .0060.TRAVILAH           2  .08  .18  .62  .13  .00  .0060.TRAVILAH           3  .37  .46  .09  .00  .08  .0060.TRAVILAH           4  .19  .21  .22  .22  .16  .0060.TRAVILAH          14  .23  .30  .27  .11  .09  .0060.TRAVILAH          24  .23  .30  .27  .11  .09  .0061.BENNETT            1  .00  .00  .35  .00  .44  .2161.BENNETT            2  .13  .22  .00  .00  .65  .0061.BENNETT            3  .14  .08  .12  .39  .00  .2761.BENNETT            4  .08  .09  .38  .00  .34  .1161.BENNETT           14  .08  .07  .23  .13  .30  .1861.BENNETT           24  .12  .11  .17  .20  .22  .1742.POOLESVILLE        2  .20  .53  .00  .27  .00  .0042.POOLESVILLE        3  .66  .34  .00  .00  .00  .0042.POOLESVILLE        4  .22  .78  .00  .00  .00  .0042.POOLESVILLE       14  .40  .49  .00  .11  .00  .0042.POOLESVILLE       24  .40  .49  .00  .11  .00  .00