rep.SIMLOS (Simulated Level Of Service percentages)                    rt    A    B    C    D    E    F==============================================================00.Washington_DC      1  .03  .07  .25  .29  .28  .0800.Washington_DC      2  .05  .19  .31  .30  .14  .0200.Washington_DC      3  .09  .20  .30  .26  .11  .0400.Washington_DC      4  .26  .21  .13  .31  .09  .0100.Washington_DC     14  .05  .15  .28  .30  .18  .0400.Washington_DC     24  .06  .19  .31  .30  .13  .0202.Prince_Georges     1  .01  .02  .10  .54  .28  .0502.Prince_Georges     2  .03  .16  .24  .36  .18  .0302.Prince_Georges     3  .03  .17  .24  .28  .17  .1102.Prince_Georges     4  .04  .14  .28  .26  .15  .1202.Prince_Georges    14  .02  .08  .17  .44  .23  .0602.Prince_Georges    24  .03  .16  .25  .32  .17  .0703.Alexandria         1  .00  .04  .31  .50  .09  .0503.Alexandria         2  .10  .32  .19  .17  .13  .0903.Alexandria         3  .13  .28  .34  .15  .04  .0603.Alexandria         4  .07  .13  .00  .56  .00  .2403.Alexandria        14  .07  .19  .28  .31  .09  .0703.Alexandria        24  .11  .29  .25  .17  .09  .0804.Arlington          1  .01  .08  .12  .42  .26  .1204.Arlington          2  .05  .19  .30  .34  .09  .0304.Arlington          3  .10  .27  .29  .24  .09  .0104.Arlington          4  .26  .22  .34  .12  .01  .0404.Arlington         14  .04  .14  .20  .36  .19  .0704.Arlington         24  .07  .22  .30  .29  .09  .0205.Fairfax            1  .01  .05  .17  .36  .18  .2205.Fairfax            2  .01  .12  .18  .30  .27  .1105.Fairfax            3  .03  .08  .23  .28  .21  .1605.Fairfax            4  .02  .12  .18  .26  .24  .1805.Fairfax           14  .02  .08  .19  .32  .21  .1805.Fairfax           24  .02  .10  .21  .29  .23  .1506.Loudoun            1  .02  .98  .00  .00  .00  .0006.Loudoun            2  .02  .13  .16  .50  .10  .0906.Loudoun            3  .00  .09  .16  .46  .13  .1706.Loudoun            4  .04  .13  .22  .45  .11  .0506.Loudoun           14  .02  .17  .16  .44  .11  .1006.Loudoun           24  .02  .11  .18  .47  .12  .1107.Prince_William     1  .14  .16  .33  .13  .11  .1407.Prince_William     2  .05  .43  .36  .02  .07  .0707.Prince_William     3  .05  .08  .19  .14  .21  .3307.Prince_William     4  .04  .12  .12  .17  .28  .2507.Prince_William    14  .08  .15  .24  .14  .18  .2107.Prince_William    24  .05  .14  .17  .14  .23  .2609.Frederick          1  .14  .20  .27  .19  .19  .0209.Frederick          2  .07  .23  .24  .19  .24  .0409.Frederick          3  .20  .28  .23  .20  .05  .0409.Frederick          4  .10  .23  .19  .25  .20  .0309.Frederick         14  .13  .22  .25  .20  .18  .0309.Frederick         24  .12  .25  .23  .21  .17  .0410.Baltimore_City     1  .02  .28  .43  .27  .00  .0010.Baltimore_City     2  .09  .24  .34  .19  .09  .0510.Baltimore_City     3  .10  .28  .29  .20  .11  .0210.Baltimore_City    14  .07  .26  .36  .22  .06  .0310.Baltimore_City    24  .09  .25  .33  .19  .09  .0411.Baltimore_Co       1  .03  .07  .38  .40  .09  .0411.Baltimore_Co       2  .06  .13  .25  .26  .24  .0711.Baltimore_Co       3  .04  .11  .22  .23  .24  .1611.Baltimore_Co      14  .04  .09  .31  .32  .16  .0811.Baltimore_Co      24  .05  .12  .23  .25  .24  .1112.Harford            1  .16  .11  .56  .16  .02  .0012.Harford            2  .04  .03  .19  .20  .52  .0212.Harford            3  .03  .13  .11  .38  .17  .1812.Harford           14  .08  .09  .29  .25  .23  .0712.Harford           24  .04  .08  .15  .29  .34  .1013.Carroll            1  .00  .32  .64  .00  .01  .0213.Carroll            2  .02  .54  .36  .00  .08  .0013.Carroll            3  .03  .20  .29  .31  .14  .0313.Carroll           14  .02  .25  .35  .24  .11  .0313.Carroll           24  .02  .24  .29  .28  .13  .0314.Howard             1  .00  .06  .20  .28  .43  .0214.Howard             2  .00  .04  .11  .37  .30  .1914.Howard             3  .01  .07  .19  .37  .22  .1314.Howard            14  .00  .06  .18  .33  .35  .0914.Howard            24  .01  .05  .16  .37  .26  .1615.Anne_Arundel       1  .02  .12  .15  .33  .33  .0515.Anne_Arundel       2  .02  .11  .27  .16  .22  .2215.Anne_Arundel       3  .04  .10  .23  .18  .19  .2615.Anne_Arundel      14  .03  .11  .19  .26  .28  .1315.Anne_Arundel      24  .03  .11  .25  .17  .21  .2420.BETHESDA_CHEVY_CH  1  .00  .00  .15  .14  .28  .4320.BETHESDA_CHEVY_CH  2  .04  .34  .43  .12  .07  .0120.BETHESDA_CHEVY_CH  3  .10  .26  .29  .11  .21  .0320.BETHESDA_CHEVY_CH  4  .08  .18  .19  .29  .07  .2020.BETHESDA_CHEVY_CH 14  .03  .14  .24  .14  .20  .2620.BETHESDA_CHEVY_CH 24  .06  .30  .36  .14  .10  .0421.SILVER_SPRING      1  .00  .00  .10  .19  .44  .2721.SILVER_SPRING      2  .02  .26  .24  .15  .04  .2921.SILVER_SPRING      3  .12  .31  .20  .06  .08  .2421.SILVER_SPRING      4  .08  .15  .33  .12  .09  .2221.SILVER_SPRING     14  .03  .17  .20  .15  .18  .2721.SILVER_SPRING     24  .05  .25  .24  .13  .06  .2722.POTOMAC            1  .02  .02  .00  .06  .32  .5922.POTOMAC            2  .04  .28  .34  .09  .05  .2022.POTOMAC            3  .12  .18  .35  .15  .08  .1222.POTOMAC            4  .07  .15  .14  .26  .21  .1722.POTOMAC           14  .05  .12  .16  .11  .20  .3622.POTOMAC           24  .07  .21  .29  .16  .10  .1623.N_BETHESDA         1  .00  .07  .00  .25  .13  .5523.N_BETHESDA         2  .01  .26  .43  .21  .05  .0423.N_BETHESDA         3  .04  .30  .37  .08  .10  .1123.N_BETHESDA         4  .07  .25  .23  .22  .23  .0023.N_BETHESDA        14  .02  .23  .30  .18  .10  .1723.N_BETHESDA        24  .03  .27  .38  .16  .09  .0624.ROCKVILLE          1  .00  .03  .24  .24  .20  .2824.ROCKVILLE          2  .03  .30  .36  .19  .05  .0724.ROCKVILLE          3  .10  .57  .21  .12  .00  .0024.ROCKVILLE          4  .00  .31  .16  .28  .16  .0824.ROCKVILLE         14  .02  .18  .28  .22  .13  .1724.ROCKVILLE         24  .04  .34  .32  .19  .05  .0625.KENSINGTON_WHEATO  1  .00  .00  .10  .33  .36  .2125.KENSINGTON_WHEATO  2  .02  .32  .37  .21  .07  .0125.KENSINGTON_WHEATO  3  .12  .37  .30  .16  .05  .0025.KENSINGTON_WHEATO  4  .11  .22  .17  .19  .05  .2725.KENSINGTON_WHEATO 14  .03  .26  .30  .23  .13  .0625.KENSINGTON_WHEATO 24  .04  .32  .34  .20  .07  .0326.ASPEN_HILL         2  .04  .18  .40  .13  .19  .0626.ASPEN_HILL         3  .03  .13  .26  .21  .13  .2426.ASPEN_HILL         4  .18  .53  .09  .20  .00  .0026.ASPEN_HILL        14  .05  .20  .34  .16  .16  .1026.ASPEN_HILL        24  .05  .20  .34  .16  .16  .1027.FAIRLAND_WHITE_OA  1  .00  .00  .01  .41  .44  .1327.FAIRLAND_WHITE_OA  2  .01  .25  .42  .25  .03  .0427.FAIRLAND_WHITE_OA  3  .02  .17  .38  .11  .25  .0727.FAIRLAND_WHITE_OA  4  .14  .17  .29  .03  .14  .2327.FAIRLAND_WHITE_OA 14  .01  .14  .26  .28  .22  .0827.FAIRLAND_WHITE_OA 24  .02  .22  .41  .20  .10  .0628.CLOVERLY           2  .00  .22  .34  .29  .15  .0028.CLOVERLY           3  .04  .25  .41  .26  .05  .0028.CLOVERLY           4  .11  .24  .00  .65  .00  .0028.CLOVERLY          14  .03  .23  .33  .32  .09  .0028.CLOVERLY          24  .03  .23  .33  .32  .09  .0029.OLNEY              2  .02  .24  .32  .34  .05  .0229.OLNEY              3  .17  .27  .25  .27  .04  .0029.OLNEY              4  .05  .24  .33  .38  .00  .0029.OLNEY             14  .06  .25  .31  .33  .04  .0229.OLNEY             24  .06  .25  .31  .33  .04  .0230.GAITHERSBURG       1  .03  .12  .20  .11  .47  .0830.GAITHERSBURG       2  .08  .27  .22  .21  .17  .0530.GAITHERSBURG       3  .24  .42  .10  .06  .10  .0830.GAITHERSBURG       4  .07  .33  .11  .22  .00  .2730.GAITHERSBURG      14  .07  .21  .20  .15  .31  .0730.GAITHERSBURG      24  .10  .29  .20  .19  .16  .0631.DERWOOD_NEEDWOOD   1  .02  .32  .37  .13  .16  .0031.DERWOOD_NEEDWOOD   2  .06  .39  .33  .15  .07  .0031.DERWOOD_NEEDWOOD   3  .23  .25  .42  .00  .10  .0031.DERWOOD_NEEDWOOD   4  .03  .12  .40  .30  .06  .0831.DERWOOD_NEEDWOOD  14  .07  .31  .37  .15  .10  .0131.DERWOOD_NEEDWOOD  24  .09  .31  .36  .15  .08  .0232.MONTGOMERY_VILLAG  2  .06  .27  .16  .17  .12  .2132.MONTGOMERY_VILLAG  3  .14  .27  .29  .15  .15  .0032.MONTGOMERY_VILLAG  4  .06  .11  .41  .17  .17  .0732.MONTGOMERY_VILLAG 14  .09  .25  .24  .17  .14  .1232.MONTGOMERY_VILLAG 24  .09  .25  .24  .17  .14  .1233.NORTH_POTOMAC      2  .00  .17  .03  .41  .22  .1733.NORTH_POTOMAC      3  .16  .34  .35  .15  .00  .0033.NORTH_POTOMAC      4  .08  .43  .49  .00  .00  .0033.NORTH_POTOMAC     14  .04  .23  .14  .31  .16  .1233.NORTH_POTOMAC     24  .04  .23  .14  .31  .16  .1234.R_&_D_VILLAGE      1  .00  .08  .78  .00  .14  .0034.R_&_D_VILLAGE      2  .20  .55  .17  .05  .00  .0334.R_&_D_VILLAGE      3  .07  .42  .36  .00  .00  .1534.R_&_D_VILLAGE      4  .00  .56  .00  .44  .00  .0034.R_&_D_VILLAGE     14  .09  .36  .41  .03  .05  .0534.R_&_D_VILLAGE     24  .14  .50  .24  .05  .00  .0735.GERMANTOWN_WEST    1  .00  .15  .12  .00  .08  .6535.GERMANTOWN_WEST    2  .11  .29  .38  .06  .15  .0135.GERMANTOWN_WEST    3  .41  .42  .08  .04  .04  .0035.GERMANTOWN_WEST    4  .25  .34  .30  .00  .00  .1135.GERMANTOWN_WEST   14  .12  .27  .28  .04  .11  .1835.GERMANTOWN_WEST   24  .16  .31  .33  .05  .13  .0136.GERMANTOWN_EAST    1  .00  .10  .19  .00  .31  .3936.GERMANTOWN_EAST    2  .01  .29  .25  .19  .22  .0436.GERMANTOWN_EAST    3  .06  .12  .16  .20  .32  .1436.GERMANTOWN_EAST    4  .07  .11  .19  .34  .00  .2836.GERMANTOWN_EAST   14  .01  .16  .21  .10  .26  .2636.GERMANTOWN_EAST   24  .03  .23  .22  .21  .21  .1037.DAMASCUS           2  .05  .00  .28  .53  .15  .0037.DAMASCUS           3  .06  .06  .26  .36  .00  .2537.DAMASCUS           4  .32  .16  .00  .00  .52  .0037.DAMASCUS          14  .08  .05  .25  .38  .08  .1537.DAMASCUS          24  .08  .05  .25  .38  .08  .1538.PATUXENT_EAST      2  .00  .10  .48  .33  .09  .0038.PATUXENT_EAST      3  .03  .16  .64  .17  .00  .0038.PATUXENT_EAST      4  .15  .85  .00  .00  .00  .0038.PATUXENT_EAST     14  .01  .13  .53  .27  .06  .0038.PATUXENT_EAST     24  .01  .13  .53  .27  .06  .0055.PATUXENT_MID       2  .05  .04  .14  .17  .28  .3155.PATUXENT_MID       3  .13  .29  .21  .32  .00  .0555.PATUXENT_MID       4  .00  .01  .02  .64  .00  .3355.PATUXENT_MID      14  .06  .12  .11  .42  .06  .2255.PATUXENT_MID      24  .06  .12  .11  .42  .06  .2256.PATUXENT_WEST      2  .16  .00  .00  .84  .00  .0056.PATUXENT_WEST      3  .00  .00  .06  .43  .00  .5156.PATUXENT_WEST      4  .04  .26  .00  .00  .70  .0056.PATUXENT_WEST     14  .07  .10  .02  .39  .28  .1556.PATUXENT_WEST     24  .07  .10  .02  .39  .28  .1539.UPPER_ROCK_CREEK   2  .05  .48  .38  .09  .00  .0039.UPPER_ROCK_CREEK   3  .08  .32  .05  .09  .46  .0039.UPPER_ROCK_CREEK   4  .05  .19  .46  .19  .03  .0839.UPPER_ROCK_CREEK  14  .06  .33  .29  .12  .17  .0339.UPPER_ROCK_CREEK  24  .06  .33  .29  .12  .17  .0340.CLARKSBURG         1  .00  .07  .24  .00  .50  .1940.CLARKSBURG         2  .05  .33  .30  .00  .32  .0040.CLARKSBURG         3  .11  .16  .46  .00  .00  .2840.CLARKSBURG         4 1.00  .00  .00  .00  .00  .0040.CLARKSBURG        14  .05  .14  .32  .00  .32  .1840.CLARKSBURG        24  .09  .22  .39  .00  .13  .1741.GOSHEN             2  .17  .02  .38  .19  .24  .0041.GOSHEN             3  .07  .23  .19  .42  .10  .0041.GOSHEN             4  .07  .17  .09  .00  .49  .1841.GOSHEN            14  .10  .16  .23  .29  .20  .0341.GOSHEN            24  .10  .16  .23  .29  .20  .0354.DICKERSON          2  .15  .00  .85  .00  .00  .0054.DICKERSON          3  .34  .26  .05  .14  .21  .0054.DICKERSON          4  .41  .59  .00  .00  .00  .0054.DICKERSON         14  .30  .23  .26  .08  .13  .0054.DICKERSON         24  .30  .23  .26  .08  .13  .0058.LOWER_SENECA       2  .23  .18  .13  .27  .18  .0058.LOWER_SENECA       3  .32  .04  .65  .00  .00  .0058.LOWER_SENECA       4  .44  .00  .56  .00  .00  .0058.LOWER_SENECA      14  .28  .13  .27  .19  .13  .0058.LOWER_SENECA      24  .28  .13  .27  .19  .13  .0059.DARNESTOWN         2  .23  .12  .31  .27  .06  .0059.DARNESTOWN         3  .18  .28  .54  .00  .00  .0059.DARNESTOWN         4 1.00  .00  .00  .00  .00  .0059.DARNESTOWN        14  .22  .18  .39  .18  .04  .0059.DARNESTOWN        24  .22  .18  .39  .18  .04  .0060.TRAVILAH           2  .18  .40  .42  .00  .00  .0060.TRAVILAH           3  .37  .29  .28  .06  .00  .0060.TRAVILAH           4  .12  .11  .29  .15  .33  .0060.TRAVILAH          14  .23  .25  .32  .08  .12  .0060.TRAVILAH          24  .23  .25  .32  .08  .12  .0061.BENNETT            1  .00  .00  .34  .00  .66  .0061.BENNETT            2  .13  .21  .00  .00  .66  .0061.BENNETT            3  .12  .13  .27  .23  .00  .2661.BENNETT            4  .06  .20  .15  .13  .00  .4761.BENNETT           14  .07  .10  .24  .10  .31  .1761.BENNETT           24  .10  .16  .19  .16  .13  .2642.POOLESVILLE        2  .72  .00  .28  .00  .00  .0042.POOLESVILLE        3  .66  .12  .14  .08  .00  .0042.POOLESVILLE        4  .41  .00  .59  .00  .00  .0042.POOLESVILLE       14  .62  .06  .28  .04  .00  .0042.POOLESVILLE       24  .62  .06  .28  .04  .00  .00