rep.AO Auto Ownership (weighted average of summary statistics)                          AUTOOWN0 AUTOOWN1 AUTOOWN2+ HOUSEHOLDS =============================================================================='Dummy' 1                       0.00       0.00       0.00       0.00 '00.Washington_DC' 61           0.06       0.14       0.80  249918.00 '02.Prince_Georges' 77          0.02       0.16       0.82  262892.00 '03.Alexandria'  9              0.06       0.21       0.73   48112.00 '04.Arlington' 15               0.09       0.21       0.71   79380.00 '05.Fairfax' 49                 0.05       0.17       0.79  328340.00 '06.Loudoun' 13                 0.01       0.16       0.83   30982.00 '07.Prince_William' 11          0.01       0.14       0.84   88873.00 '08.Charles' 4                  0.01       0.14       0.85       4.00 '09.Frederick' 22               0.01       0.15       0.83   50751.00 '10.Baltimore_City' 13          0.04       0.19       0.77  276500.00 '11.Baltimore_Co' 23            0.02       0.16       0.82  268300.00 '12.Harford' 6                  0.01       0.16       0.83   63200.00 '13.Carroll' 6                  0.01       0.16       0.83   42200.00 '14.Howard' 18                  0.02       0.16       0.83   68300.00 '15.Anne_Arundel' 19            0.02       0.16       0.83  149101.00 '20.BETHESDA_CHEVY_CHAS         0.19       0.15       0.66   35215.00 '21.SILVER_SPRING' 23           0.13       0.18       0.68   32695.00 '22.POTOMAC' 17                 0.01       0.13       0.85   13682.00 '23.N_BETHESDA' 19              0.06       0.18       0.75   15611.00 '24.ROCKVILLE' 21               0.05       0.15       0.80   16210.00 '25.KENSINGTON_WHEATON'         0.02       0.16       0.82   35891.00 '26.ASPEN_HILL' 10              0.02       0.17       0.81   20113.00 '27.FAIRLAND_WHITE_OAK'         0.02       0.17       0.81   25708.00 '28.CLOVERLY' 4                 0.01       0.13       0.87    5945.00 '29.OLNEY' 7                    0.01       0.12       0.87    7773.00 '30.GAITHERSBURG' 14            0.04       0.18       0.78   20570.00 '31.DERWOOD_NEEDWOOD' 1         0.01       0.16       0.83    5258.00 '32.MONTGOMERY_VILLAGE'         0.01       0.17       0.82   10315.00 '33.NORTH_POTOMAC' 7            0.01       0.13       0.86    6039.00 '34.R_&_D_VILLAGE' 7            0.01       0.16       0.82     766.00 '35.GERMANTOWN_WEST' 12         0.02       0.17       0.81   16639.00 '36.GERMANTOWN_EAST' 8          0.02       0.17       0.81    2816.00 '37.DAMASCUS' 2                 0.01       0.14       0.85    2407.00 '38.PATUXENT_EAST' 5            0.01       0.13       0.86    1576.00 '55.PATUXENT_MID' 3             0.01       0.12       0.87     749.00 '56.PATUXENT_WEST' 1            0.01       0.13       0.86     374.00 '39.UPPER_ROCK_CREEK' 4         0.01       0.12       0.87    1229.00 '40.CLARKSBURG' 2               0.01       0.13       0.86       2.00 '41.GOSHEN' 3                   0.01       0.16       0.83    2687.00 '54.DICKERSON' 3                0.01       0.13       0.86     286.00 '57.MARTINSBURG' 1              0.01       0.13       0.86      88.00 '58.LOWER_SENECA' 5             0.01       0.13       0.86     448.00 '59.DARNESTOWN' 4               0.01       0.12       0.87    1117.00 '60.TRAVILAH' 5                 0.01       0.13       0.86    1133.00 '61.BENNETT' 3                  0.01       0.13       0.86    1194.00 '42.POOLESVILLE' 3              0.01       0.13       0.86     924.00 '99.EXTERNALS' 13               0.01       0.15       0.84      13.00 01.Montgomery_County            0.06       0.16       0.78  285460.00 