rep.SIMLOS (Simulated Level Of Service percentages)                    rt    A    B    C    D    E    F==============================================================00.Washington_DC      1  .02  .09  .30  .26  .27  .0600.Washington_DC      2  .06  .18  .33  .27  .14  .0200.Washington_DC      3  .08  .21  .31  .23  .13  .0400.Washington_DC      4  .01  .01  .09  .74  .14  .0000.Washington_DC     14  .05  .15  .31  .28  .18  .0400.Washington_DC     24  .06  .18  .31  .29  .13  .0302.Prince_Georges     1  .01  .04  .09  .52  .28  .0502.Prince_Georges     2  .04  .18  .31  .29  .14  .0302.Prince_Georges     3  .04  .16  .27  .28  .17  .0802.Prince_Georges     4  .03  .11  .24  .40  .13  .0702.Prince_Georges    14  .03  .09  .18  .43  .22  .0502.Prince_Georges    24  .04  .16  .29  .31  .15  .0503.Alexandria         1  .00  .04  .39  .44  .12  .0203.Alexandria         2  .14  .20  .34  .22  .08  .0203.Alexandria         3  .13  .29  .30  .15  .12  .0103.Alexandria         4  .06  .12  .20  .44  .00  .1703.Alexandria        14  .08  .16  .34  .29  .11  .0203.Alexandria        24  .13  .24  .31  .19  .10  .0204.Arlington          1  .01  .09  .15  .41  .28  .0504.Arlington          2  .06  .24  .31  .22  .12  .0604.Arlington          3  .10  .26  .33  .19  .10  .0104.Arlington          4  .13  .06  .51  .20  .06  .0404.Arlington         14  .04  .15  .22  .33  .22  .0504.Arlington         24  .08  .24  .33  .20  .11  .0305.Fairfax            1  .01  .05  .21  .35  .24  .1505.Fairfax            2  .02  .15  .24  .28  .21  .1005.Fairfax            3  .04  .15  .23  .25  .19  .1405.Fairfax            4  .04  .12  .17  .31  .19  .1605.Fairfax           14  .02  .11  .22  .30  .22  .1305.Fairfax           24  .04  .15  .23  .27  .20  .1206.Loudoun            1  .02  .78  .12  .08  .00  .0006.Loudoun            2  .02  .31  .19  .40  .05  .0306.Loudoun            3  .03  .15  .00  .19  .32  .3106.Loudoun            4  .01  .11  .35  .24  .20  .0806.Loudoun           14  .02  .29  .18  .33  .11  .0806.Loudoun           24  .02  .26  .18  .34  .11  .0807.Prince_William     1  .14  .22  .11  .30  .10  .1307.Prince_William     2  .11  .23  .24  .10  .15  .1707.Prince_William     3  .03  .10  .27  .02  .49  .0907.Prince_William     4  .05  .04  .18  .31  .32  .0907.Prince_William    14  .09  .17  .19  .19  .23  .1307.Prince_William    24  .07  .15  .23  .13  .29  .1309.Frederick          1  .14  .22  .22  .20  .14  .0609.Frederick          2  .07  .26  .21  .19  .21  .0709.Frederick          3  .13  .31  .24  .18  .07  .0609.Frederick          4  .08  .28  .13  .29  .12  .1009.Frederick         14  .12  .25  .21  .20  .15  .0709.Frederick         24  .09  .28  .21  .20  .15  .0710.Baltimore_City     1  .02  .18  .50  .29  .00  .0010.Baltimore_City     2  .10  .25  .31  .22  .07  .0510.Baltimore_City     3  .11  .26  .30  .21  .10  .0310.Baltimore_City    14  .07  .23  .38  .24  .05  .0310.Baltimore_City    24  .10  .25  .31  .21  .08  .0411.Baltimore_Co       1  .02  .06  .38  .42  .08  .0411.Baltimore_Co       2  .06  .12  .23  .29  .25  .0511.Baltimore_Co       3  .04  .10  .20  .23  .24  .2011.Baltimore_Co      14  .04  .08  .30  .34  .16  .0811.Baltimore_Co      24  .05  .11  .21  .26  .25  .1212.Harford            1  .16  .11  .47  .25  .02  .0012.Harford            2  .04  .04  .20  .19  .51  .0112.Harford            3  .06  .14  .08  .32  .19  .2112.Harford           14  .09  .10  .25  .26  .23  .0812.Harford           24  .05  .09  .14  .26  .34  .1113.Carroll            1  .00  .32  .64  .00  .01  .0313.Carroll            2  .01  .53  .37  .00  .08  .0013.Carroll            3  .03  .21  .27  .30  .16  .0313.Carroll           14  .02  .25  .34  .23  .13  .0313.Carroll           24  .02  .24  .29  .27  .15  .0314.Howard             1  .00  .06  .20  .28  .43  .0214.Howard             2  .00  .03  .11  .31  .36  .1814.Howard             3  .01  .05  .23  .35  .20  .1514.Howard            14  .00  .05  .19  .31  .36  .0914.Howard            24  .01  .04  .18  .33  .28  .1715.Anne_Arundel       1  .02  .05  .22  .25  .41  .0515.Anne_Arundel       2  .03  .09  .24  .19  .23  .2215.Anne_Arundel       3  .04  .11  .21  .19  .18  .2615.Anne_Arundel      14  .03  .07  .22  .23  .32  .1315.Anne_Arundel      24  .04  .10  .23  .19  .21  .2420.BETHESDA_CHEVY_CH  1  .00  .04  .11  .25  .26  .3420.BETHESDA_CHEVY_CH  2  .01  .22  .40  .15  .18  .0420.BETHESDA_CHEVY_CH  3  .08  .24  .32  .18  .07  .1120.BETHESDA_CHEVY_CH  4  .12  .24  .20  .28  .10  .0620.BETHESDA_CHEVY_CH 14  .02  .13  .22  .21  .21  .2120.BETHESDA_CHEVY_CH 24  .04  .23  .35  .17  .15  .0621.SILVER_SPRING      1  .00  .00  .00  .27  .73  .0021.SILVER_SPRING      2  .02  .21  .25  .16  .04  .3221.SILVER_SPRING      3  .14  .35  .13  .04  .07  .2721.SILVER_SPRING      4  .11  .30  .22  .15  .08  .1421.SILVER_SPRING     14  .04  .17  .15  .18  .27  .2021.SILVER_SPRING     24  .05  .25  .22  .14  .05  .2922.POTOMAC            1  .02  .01  .03  .05  .85  .0422.POTOMAC            2  .02  .24  .37  .15  .04  .1822.POTOMAC            3  .13  .33  .31  .14  .00  .0922.POTOMAC            4  .10  .37  .27  .20  .06  .0022.POTOMAC           14  .05  .16  .18  .10  .44  .0722.POTOMAC           24  .08  .30  .32  .16  .03  .1123.N_BETHESDA         1  .00  .06  .06  .20  .59  .0923.N_BETHESDA         2  .01  .28  .41  .22  .04  .0423.N_BETHESDA         3  .06  .31  .39  .13  .11  .0023.N_BETHESDA         4  .21  .33  .34  .12  .00  .0023.N_BETHESDA        14  .04  .24  .31  .18  .19  .0423.N_BETHESDA        24  .06  .30  .39  .17  .06  .0224.ROCKVILLE          1  .00  .00  .18  .30  .48  .0424.ROCKVILLE          2  .05  .29  .38  .14  .06  .0724.ROCKVILLE          3  .19  .51  .30  .00  .00  .0024.ROCKVILLE          4  .18  .32  .46  .04  .00  .0024.ROCKVILLE         14  .05  .17  .28  .20  .26  .0424.ROCKVILLE         24  .09  .34  .37  .11  .04  .0525.KENSINGTON_WHEATO  1  .00  .00  .00  .42  .58  .0025.KENSINGTON_WHEATO  2  .03  .27  .30  .25  .11  .0425.KENSINGTON_WHEATO  3  .14  .46  .33  .06  .00  .0025.KENSINGTON_WHEATO  4  .24  .32  .14  .14  .00  .1625.KENSINGTON_WHEATO 14  .05  .24  .24  .26  .19  .0425.KENSINGTON_WHEATO 24  .06  .30  .30  .22  .09  .0526.ASPEN_HILL         2  .04  .19  .20  .21  .11  .2626.ASPEN_HILL         3  .04  .22  .33  .36  .04  .0026.ASPEN_HILL         4  .23  .59  .17  .00  .00  .0026.ASPEN_HILL        14  .06  .24  .23  .22  .08  .1726.ASPEN_HILL        24  .06  .24  .23  .22  .08  .1727.FAIRLAND_WHITE_OA  1  .00  .00  .00  .42  .58  .0027.FAIRLAND_WHITE_OA  2  .01  .34  .34  .28  .03  .0127.FAIRLAND_WHITE_OA  3  .10  .40  .20  .13  .12  .0527.FAIRLAND_WHITE_OA  4  .18  .20  .39  .19  .05  .0027.FAIRLAND_WHITE_OA 14  .03  .22  .19  .31  .25  .0127.FAIRLAND_WHITE_OA 24  .04  .34  .30  .24  .05  .0228.CLOVERLY           2  .06  .52  .37  .03  .02  .0028.CLOVERLY           3  .04  .40  .37  .08  .11  .0028.CLOVERLY           4  .19  .15  .66  .00  .00  .0028.CLOVERLY          14  .06  .44  .39  .05  .06  .0028.CLOVERLY          24  .06  .44  .39  .05  .06  .0029.OLNEY              2  .04  .35  .30  .30  .00  .0029.OLNEY              3  .34  .24  .27  .10  .05  .0029.OLNEY              4  .23  .63  .14  .00  .00  .0029.OLNEY             14  .13  .37  .27  .22  .01  .0029.OLNEY             24  .13  .37  .27  .22  .01  .0030.GAITHERSBURG       1  .03  .09  .23  .20  .45  .0030.GAITHERSBURG       2  .10  .26  .29  .19  .15  .0130.GAITHERSBURG       3  .42  .37  .05  .10  .06  .0030.GAITHERSBURG       4  .44  .12  .22  .22  .00  .0030.GAITHERSBURG      14  .10  .18  .24  .19  .29  .0030.GAITHERSBURG      24  .16  .27  .25  .18  .13  .0131.DERWOOD_NEEDWOOD   1  .01  .31  .39  .13  .16  .0031.DERWOOD_NEEDWOOD   2  .08  .33  .30  .12  .15  .0331.DERWOOD_NEEDWOOD   3  .45  .41  .14  .00  .00  .0031.DERWOOD_NEEDWOOD   4  .08  .27  .34  .24  .08  .0031.DERWOOD_NEEDWOOD  14  .12  .32  .30  .12  .12  .0131.DERWOOD_NEEDWOOD  24  .15  .33  .28  .12  .11  .0232.MONTGOMERY_VILLAG  2  .13  .35  .34  .18  .00  .0032.MONTGOMERY_VILLAG  3  .58  .31  .05  .06  .00  .0032.MONTGOMERY_VILLAG  4  .44  .07  .28  .20  .00  .0032.MONTGOMERY_VILLAG 14  .30  .32  .24  .14  .00  .0032.MONTGOMERY_VILLAG 24  .30  .32  .24  .14  .00  .0033.NORTH_POTOMAC      1  .00  .00  .00 1.00  .00  .0033.NORTH_POTOMAC      2  .02  .18  .53  .03  .20  .0333.NORTH_POTOMAC      3  .25  .48  .27  .00  .00  .0033.NORTH_POTOMAC      4  .30  .20  .50  .00  .00  .0033.NORTH_POTOMAC     14  .11  .27  .43  .05  .11  .0233.NORTH_POTOMAC     24  .12  .28  .44  .02  .12  .0234.R_&_D_VILLAGE      1  .00  .00  .38  .48  .14  .0034.R_&_D_VILLAGE      2  .29  .49  .14  .00  .08  .0034.R_&_D_VILLAGE      3  .23  .21  .57  .00  .00  .0034.R_&_D_VILLAGE      4  .63  .37  .00  .00  .00  .0034.R_&_D_VILLAGE     14  .18  .26  .32  .16  .08  .0034.R_&_D_VILLAGE     24  .27  .38  .29  .00  .05  .0035.GERMANTOWN_WEST    1  .00  .20  .06  .45  .18  .1135.GERMANTOWN_WEST    2  .17  .28  .25  .16  .05  .0935.GERMANTOWN_WEST    3  .44  .32  .24  .00  .00  .0035.GERMANTOWN_WEST    4  .51  .49  .00  .00  .00  .0035.GERMANTOWN_WEST   14  .17  .27  .19  .21  .08  .0835.GERMANTOWN_WEST   24  .22  .29  .24  .13  .04  .0736.GERMANTOWN_EAST    1  .01  .11  .17  .20  .47  .0436.GERMANTOWN_EAST    2  .15  .34  .27  .18  .00  .0736.GERMANTOWN_EAST    3  .25  .22  .54  .00  .00  .0036.GERMANTOWN_EAST    4  .09  .50  .42  .00  .00  .0036.GERMANTOWN_EAST   14  .07  .21  .24  .17  .26  .0536.GERMANTOWN_EAST   24  .16  .34  .32  .13  .00  .0537.DAMASCUS           2  .01  .05  .17  .09  .54  .1537.DAMASCUS           3  .01  .16  .08  .14  .36  .2537.DAMASCUS           4  .12  .41  .00  .00  .47  .0037.DAMASCUS          14  .02  .15  .10  .11  .42  .2037.DAMASCUS          24  .02  .15  .10  .11  .42  .2038.PATUXENT_EAST      2  .01  .14  .36  .38  .10  .0038.PATUXENT_EAST      3  .05  .26  .58  .10  .00  .0038.PATUXENT_EAST      4  .40  .60  .00  .00  .00  .0038.PATUXENT_EAST     14  .03  .19  .43  .28  .06  .0038.PATUXENT_EAST     24  .03  .19  .43  .28  .06  .0055.PATUXENT_MID       2  .10  .14  .46  .30  .00  .0055.PATUXENT_MID       3  .11  .50  .08  .25  .00  .0555.PATUXENT_MID       4  .01  .08  .58  .29  .04  .0055.PATUXENT_MID      14  .07  .25  .37  .27  .02  .0255.PATUXENT_MID      24  .07  .25  .37  .27  .02  .0256.PATUXENT_WEST      2  .00  .18  .00  .00  .43  .3956.PATUXENT_WEST      3  .00  .00  .06  .42  .00  .5256.PATUXENT_WEST      4  .03  .09  .21  .00  .68  .0056.PATUXENT_WEST     14  .01  .10  .10  .11  .42  .2656.PATUXENT_WEST     24  .01  .10  .10  .11  .42  .2639.UPPER_ROCK_CREEK   2  .21  .36  .28  .15  .00  .0039.UPPER_ROCK_CREEK   3  .14  .42  .07  .38  .00  .0039.UPPER_ROCK_CREEK   4  .08  .23  .59  .03  .08  .0039.UPPER_ROCK_CREEK  14  .14  .34  .30  .20  .02  .0039.UPPER_ROCK_CREEK  24  .14  .34  .30  .20  .02  .0040.CLARKSBURG         1  .01  .05  .00  .29  .21  .4440.CLARKSBURG         2  .09  .23  .05  .23  .00  .4040.CLARKSBURG         3  .09  .23  .36  .00  .00  .3240.CLARKSBURG         4 1.00  .00  .00  .00  .00  .0040.CLARKSBURG        14  .05  .13  .10  .20  .12  .4040.CLARKSBURG        24  .10  .23  .24  .09  .00  .3541.GOSHEN             2  .11  .09  .30  .14  .00  .3641.GOSHEN             3  .11  .22  .20  .41  .06  .0041.GOSHEN             4  .11  .14  .26  .21  .27  .0041.GOSHEN            14  .11  .17  .24  .29  .07  .1141.GOSHEN            24  .11  .17  .24  .29  .07  .1154.DICKERSON          2  .16  .00  .58  .26  .00  .0054.DICKERSON          3  .27  .09  .34  .08  .00  .2254.DICKERSON          4 1.00  .00  .00  .00  .00  .0054.DICKERSON         14  .32  .06  .36  .12  .00  .1454.DICKERSON         24  .32  .06  .36  .12  .00  .1458.LOWER_SENECA       2  .21  .15  .00  .65  .00  .0058.LOWER_SENECA       3  .19  .19  .41  .21  .00  .0058.LOWER_SENECA       4  .78  .22  .00  .00  .00  .0058.LOWER_SENECA      14  .28  .16  .08  .48  .00  .0058.LOWER_SENECA      24  .28  .16  .08  .48  .00  .0059.DARNESTOWN         2  .20  .17  .18  .33  .13  .0059.DARNESTOWN         3  .18  .22  .00  .59  .00  .0059.DARNESTOWN         4 1.00  .00  .00  .00  .00  .0059.DARNESTOWN        14  .20  .19  .11  .42  .08  .0059.DARNESTOWN        24  .20  .19  .11  .42  .08  .0060.TRAVILAH           2  .06  .18  .36  .39  .00  .0060.TRAVILAH           3  .25  .44  .13  .11  .07  .0060.TRAVILAH           4  .19  .30  .24  .11  .16  .0060.TRAVILAH          14  .19  .33  .22  .18  .08  .0060.TRAVILAH          24  .19  .33  .22  .18  .08  .0061.BENNETT            1  .00  .00  .10  .25  .00  .6561.BENNETT            2  .12  .23  .00  .00  .00  .6561.BENNETT            3  .12  .12  .20  .20  .07  .2861.BENNETT            4  .09  .25  .05  .13  .35  .1361.BENNETT           14  .07  .11  .11  .18  .08  .4461.BENNETT           24  .11  .18  .12  .14  .13  .3242.POOLESVILLE        2  .66  .00  .34  .00  .00  .0042.POOLESVILLE        3  .82  .18  .00  .00  .00  .0042.POOLESVILLE        4  .35  .65  .00  .00  .00  .0042.POOLESVILLE       14  .68  .22  .11  .00  .00  .0042.POOLESVILLE       24  .68  .22  .11  .00  .00  .00