rep.SIMLOS (Simulated Level Of Service percentages)                    rt    A    B    C    D    E    F==============================================================00.Washington_DC      1  .02  .07  .23  .31  .22  .1500.Washington_DC      2  .05  .16  .32  .29  .15  .0300.Washington_DC      3  .08  .20  .28  .27  .13  .0300.Washington_DC      4  .01  .02  .10  .71  .16  .0000.Washington_DC     14  .04  .13  .28  .31  .17  .0700.Washington_DC     24  .05  .16  .30  .31  .15  .0302.Prince_Georges     1  .01  .02  .08  .56  .27  .0602.Prince_Georges     2  .02  .17  .25  .30  .21  .0502.Prince_Georges     3  .03  .16  .23  .26  .19  .1302.Prince_Georges     4  .03  .08  .27  .38  .14  .1002.Prince_Georges    14  .02  .08  .16  .44  .23  .0702.Prince_Georges    24  .03  .15  .25  .30  .19  .0903.Alexandria         1  .01  .04  .18  .63  .09  .0503.Alexandria         2  .12  .22  .25  .19  .11  .0903.Alexandria         3  .10  .26  .36  .14  .08  .0603.Alexandria         4  .08  .17  .23  .00  .26  .2603.Alexandria        14  .07  .16  .26  .35  .10  .0703.Alexandria        24  .11  .24  .30  .17  .10  .0804.Arlington          1  .00  .08  .12  .36  .26  .1804.Arlington          2  .04  .16  .30  .35  .12  .0304.Arlington          3  .09  .24  .30  .29  .08  .0104.Arlington          4  .16  .31  .30  .19  .01  .0404.Arlington         14  .03  .13  .20  .34  .18  .1104.Arlington         24  .07  .19  .30  .32  .10  .0205.Fairfax            1  .01  .03  .16  .36  .19  .2605.Fairfax            2  .02  .09  .19  .28  .27  .1505.Fairfax            3  .02  .07  .23  .28  .22  .1805.Fairfax            4  .03  .09  .16  .26  .24  .2305.Fairfax           14  .01  .06  .19  .31  .22  .2205.Fairfax           24  .02  .08  .21  .27  .24  .1806.Loudoun            1  .02  .98  .00  .00  .00  .0006.Loudoun            2  .02  .14  .23  .43  .10  .0806.Loudoun            3  .00  .09  .15  .46  .13  .1706.Loudoun            4  .05  .11  .15  .54  .11  .0506.Loudoun           14  .02  .16  .16  .44  .11  .1006.Loudoun           24  .02  .11  .17  .47  .12  .1107.Prince_William     1  .14  .15  .19  .29  .10  .1207.Prince_William     2  .23  .16  .42  .10  .00  .0907.Prince_William     3  .04  .08  .16  .17  .21  .3407.Prince_William     4  .02  .14  .12  .26  .18  .2707.Prince_William    14  .09  .13  .18  .24  .14  .2207.Prince_William    24  .05  .12  .17  .21  .17  .2809.Frederick          1  .14  .18  .26  .20  .21  .0109.Frederick          2  .07  .20  .21  .34  .14  .0309.Frederick          3  .16  .28  .25  .19  .12  .0009.Frederick          4  .09  .20  .23  .32  .13  .0309.Frederick         14  .12  .20  .24  .24  .17  .0209.Frederick         24  .10  .23  .23  .29  .13  .0210.Baltimore_City     1  .02  .16  .51  .31  .00  .0010.Baltimore_City     2  .08  .22  .30  .23  .12  .0610.Baltimore_City     3  .08  .22  .26  .29  .08  .0610.Baltimore_City    14  .06  .20  .36  .27  .07  .0410.Baltimore_City    24  .08  .22  .29  .25  .11  .0611.Baltimore_Co       1  .02  .06  .34  .42  .11  .0511.Baltimore_Co       2  .05  .09  .25  .28  .19  .1311.Baltimore_Co       3  .03  .11  .20  .19  .27  .2011.Baltimore_Co      14  .03  .08  .28  .33  .17  .1011.Baltimore_Co      24  .04  .10  .23  .24  .23  .1612.Harford            1  .15  .10  .19  .53  .02  .0012.Harford            2  .05  .04  .18  .21  .45  .0612.Harford            3  .03  .11  .13  .30  .19  .2312.Harford           14  .08  .08  .17  .35  .22  .1012.Harford           24  .04  .07  .16  .26  .32  .1513.Carroll            1  .00  .32  .64  .00  .02  .0313.Carroll            2  .02  .54  .36  .00  .08  .0013.Carroll            3  .01  .27  .25  .30  .11  .0513.Carroll           14  .01  .30  .32  .23  .10  .0513.Carroll           24  .01  .30  .26  .27  .11  .0514.Howard             1  .00  .06  .19  .35  .38  .0314.Howard             2  .01  .02  .14  .33  .25  .2514.Howard             3  .01  .06  .22  .33  .21  .1714.Howard            14  .01  .05  .19  .34  .31  .1114.Howard            24  .01  .04  .19  .33  .23  .2015.Anne_Arundel       1  .02  .06  .22  .32  .33  .0515.Anne_Arundel       2  .02  .10  .23  .20  .22  .2315.Anne_Arundel       3  .04  .09  .21  .19  .19  .2715.Anne_Arundel      14  .02  .07  .22  .27  .28  .1315.Anne_Arundel      24  .03  .10  .22  .20  .21  .2420.BETHESDA_CHEVY_CH  1  .00  .03  .14  .17  .34  .3320.BETHESDA_CHEVY_CH  2  .03  .30  .40  .19  .06  .0220.BETHESDA_CHEVY_CH  3  .08  .23  .37  .09  .24  .0020.BETHESDA_CHEVY_CH  4  .10  .19  .13  .35  .08  .1420.BETHESDA_CHEVY_CH 14  .02  .14  .24  .18  .23  .1920.BETHESDA_CHEVY_CH 24  .05  .27  .36  .19  .10  .0321.SILVER_SPRING      1  .00  .00  .20  .27  .53  .0021.SILVER_SPRING      2  .03  .21  .27  .14  .03  .3121.SILVER_SPRING      3  .15  .25  .18  .05  .05  .3221.SILVER_SPRING      4  .05  .15  .19  .22  .05  .3421.SILVER_SPRING     14  .04  .15  .23  .17  .19  .2221.SILVER_SPRING     24  .06  .21  .24  .14  .04  .3222.POTOMAC            1  .02  .01  .03  .04  .62  .2922.POTOMAC            2  .05  .33  .34  .12  .11  .0422.POTOMAC            3  .12  .34  .22  .17  .03  .1222.POTOMAC            4  .08  .16  .41  .05  .15  .1522.POTOMAC           14  .05  .15  .17  .08  .35  .1922.POTOMAC           24  .08  .29  .31  .12  .09  .1023.N_BETHESDA         1  .00  .05  .08  .15  .05  .6723.N_BETHESDA         2  .00  .27  .40  .25  .08  .0023.N_BETHESDA         3  .04  .29  .36  .12  .15  .0423.N_BETHESDA         4  .09  .32  .03  .28  .22  .0523.N_BETHESDA        14  .02  .23  .28  .19  .11  .1723.N_BETHESDA        24  .03  .28  .34  .20  .12  .0224.ROCKVILLE          1  .01  .00  .19  .28  .46  .0524.ROCKVILLE          2  .04  .28  .38  .13  .10  .0724.ROCKVILLE          3  .07  .49  .36  .08  .00  .0024.ROCKVILLE          4  .02  .27  .22  .26  .13  .1124.ROCKVILLE         14  .03  .16  .28  .21  .27  .0624.ROCKVILLE         24  .05  .31  .36  .13  .08  .0625.KENSINGTON_WHEATO  1  .00  .00  .26  .20  .54  .0025.KENSINGTON_WHEATO  2  .03  .24  .31  .30  .08  .0425.KENSINGTON_WHEATO  3  .08  .38  .27  .23  .02  .0125.KENSINGTON_WHEATO  4  .10  .20  .27  .11  .08  .2325.KENSINGTON_WHEATO 14  .04  .21  .29  .26  .16  .0425.KENSINGTON_WHEATO 24  .04  .25  .30  .28  .08  .0526.ASPEN_HILL         2  .03  .22  .30  .19  .21  .0526.ASPEN_HILL         3  .02  .17  .27  .23  .28  .0426.ASPEN_HILL         4  .14  .32  .29  .25  .00  .0026.ASPEN_HILL        14  .04  .21  .29  .21  .20  .0426.ASPEN_HILL        24  .04  .21  .29  .21  .20  .0427.FAIRLAND_WHITE_OA  1  .00  .00  .08  .46  .46  .0027.FAIRLAND_WHITE_OA  2  .01  .36  .33  .24  .03  .0327.FAIRLAND_WHITE_OA  3  .04  .23  .31  .13  .19  .1027.FAIRLAND_WHITE_OA  4  .08  .13  .15  .11  .18  .3627.FAIRLAND_WHITE_OA 14  .01  .20  .23  .30  .22  .0427.FAIRLAND_WHITE_OA 24  .02  .31  .31  .20  .08  .0728.CLOVERLY           2  .01  .17  .25  .29  .21  .0628.CLOVERLY           3  .03  .18  .16  .38  .20  .0528.CLOVERLY           4  .11  .25  .00  .64  .00  .0028.CLOVERLY          14  .03  .18  .18  .37  .18  .0528.CLOVERLY          24  .03  .18  .18  .37  .18  .0529.OLNEY              2  .02  .28  .22  .40  .06  .0129.OLNEY              3  .14  .34  .30  .14  .00  .0829.OLNEY              4  .04  .27  .51  .19  .00  .0029.OLNEY             14  .05  .29  .28  .31  .04  .0329.OLNEY             24  .05  .29  .28  .31  .04  .0330.GAITHERSBURG       1  .03  .10  .18  .18  .47  .0230.GAITHERSBURG       2  .09  .28  .25  .20  .14  .0430.GAITHERSBURG       3  .25  .33  .13  .12  .04  .1430.GAITHERSBURG       4  .02  .51  .12  .17  .00  .1730.GAITHERSBURG      14  .07  .20  .21  .19  .29  .0430.GAITHERSBURG      24  .11  .29  .23  .19  .13  .0631.DERWOOD_NEEDWOOD   1  .00  .30  .40  .13  .16  .0031.DERWOOD_NEEDWOOD   2  .05  .25  .34  .19  .06  .1231.DERWOOD_NEEDWOOD   3  .20  .48  .32  .00  .00  .0031.DERWOOD_NEEDWOOD   4  .03  .17  .05  .37  .29  .0931.DERWOOD_NEEDWOOD  14  .06  .28  .31  .18  .11  .0731.DERWOOD_NEEDWOOD  24  .07  .27  .28  .19  .09  .0932.MONTGOMERY_VILLAG  2  .13  .37  .16  .24  .02  .0832.MONTGOMERY_VILLAG  3  .34  .32  .07  .20  .03  .0532.MONTGOMERY_VILLAG  4  .15  .39  .00  .16  .19  .1132.MONTGOMERY_VILLAG 14  .20  .35  .12  .22  .04  .0732.MONTGOMERY_VILLAG 24  .20  .35  .12  .22  .04  .0733.NORTH_POTOMAC      2  .01  .16  .25  .22  .28  .0833.NORTH_POTOMAC      3  .18  .31  .52  .00  .00  .0033.NORTH_POTOMAC      4  .18  .46  .00  .36  .00  .0033.NORTH_POTOMAC     14  .05  .21  .27  .20  .21  .0633.NORTH_POTOMAC     24  .05  .21  .27  .20  .21  .0634.R_&_D_VILLAGE      1  .00  .00  .59  .28  .13  .0034.R_&_D_VILLAGE      2  .34  .37  .19  .06  .00  .0434.R_&_D_VILLAGE      3  .15  .26  .46  .12  .00  .0034.R_&_D_VILLAGE      4  .31  .21  .00  .48  .00  .0034.R_&_D_VILLAGE     14  .17  .20  .41  .16  .05  .0134.R_&_D_VILLAGE     24  .26  .32  .30  .10  .00  .0235.GERMANTOWN_WEST    1  .00  .19  .06  .21  .12  .4335.GERMANTOWN_WEST    2  .17  .27  .31  .10  .13  .0235.GERMANTOWN_WEST    3  .52  .29  .08  .05  .06  .0035.GERMANTOWN_WEST    4  .29  .48  .22  .00  .00  .0035.GERMANTOWN_WEST   14  .16  .26  .22  .12  .11  .1335.GERMANTOWN_WEST   24  .22  .28  .28  .09  .11  .0236.GERMANTOWN_EAST    1  .00  .11  .18  .08  .35  .2836.GERMANTOWN_EAST    2  .03  .19  .40  .16  .09  .1336.GERMANTOWN_EAST    3  .10  .36  .00  .30  .10  .1436.GERMANTOWN_EAST    4  .06  .25  .20  .27  .21  .0036.GERMANTOWN_EAST   14  .02  .16  .23  .14  .24  .2136.GERMANTOWN_EAST   24  .04  .23  .30  .20  .11  .1137.DAMASCUS           2  .05  .16  .35  .29  .15  .0037.DAMASCUS           3  .06  .13  .17  .47  .08  .0937.DAMASCUS           4  .13  .41  .00  .00  .45  .0037.DAMASCUS          14  .06  .16  .21  .37  .14  .0537.DAMASCUS          24  .06  .16  .21  .37  .14  .0538.PATUXENT_EAST      2  .02  .15  .57  .14  .12  .0038.PATUXENT_EAST      3  .01  .35  .55  .09  .00  .0038.PATUXENT_EAST      4  .14  .46  .40  .00  .00  .0038.PATUXENT_EAST     14  .02  .22  .56  .12  .07  .0038.PATUXENT_EAST     24  .02  .22  .56  .12  .07  .0055.PATUXENT_MID       2  .05  .05  .14  .18  .29  .3055.PATUXENT_MID       3  .09  .36  .37  .13  .05  .0055.PATUXENT_MID       4  .00  .01  .31  .22  .21  .2455.PATUXENT_MID      14  .05  .15  .30  .18  .17  .1655.PATUXENT_MID      24  .05  .15  .30  .18  .17  .1656.PATUXENT_WEST      2  .16  .00  .00  .84  .00  .0056.PATUXENT_WEST      3  .00  .06  .32  .09  .53  .0056.PATUXENT_WEST      4  .04  .23  .00  .00  .73  .0056.PATUXENT_WEST     14  .07  .10  .08  .33  .41  .0056.PATUXENT_WEST     24  .07  .10  .08  .33  .41  .0039.UPPER_ROCK_CREEK   2  .23  .44  .33  .00  .00  .0039.UPPER_ROCK_CREEK   3  .06  .31  .25  .00  .20  .1839.UPPER_ROCK_CREEK   4  .03  .11  .17  .45  .21  .0339.UPPER_ROCK_CREEK  14  .09  .28  .24  .15  .15  .0839.UPPER_ROCK_CREEK  24  .09  .28  .24  .15  .15  .0840.CLARKSBURG         1  .00  .06  .24  .00  .51  .1940.CLARKSBURG         2  .08  .42  .16  .00  .34  .0040.CLARKSBURG         3  .10  .31  .30  .00  .29  .0040.CLARKSBURG         4 1.00  .00  .00  .00  .00  .0040.CLARKSBURG        14  .05  .20  .24  .00  .41  .1040.CLARKSBURG        24  .10  .35  .24  .00  .31  .0041.GOSHEN             2  .16  .03  .42  .14  .24  .0041.GOSHEN             3  .08  .29  .28  .35  .00  .0041.GOSHEN             4  .09  .10  .08  .56  .17  .0041.GOSHEN            14  .11  .18  .30  .32  .10  .0041.GOSHEN            24  .11  .18  .30  .32  .10  .0054.DICKERSON          2  .14  .00  .86  .00  .00  .0054.DICKERSON          3  .30  .26  .19  .00  .24  .0054.DICKERSON          4 1.00  .00  .00  .00  .00  .0054.DICKERSON         14  .32  .16  .37  .00  .15  .0054.DICKERSON         24  .32  .16  .37  .00  .15  .0058.LOWER_SENECA       2  .24  .17  .32  .08  .18  .0058.LOWER_SENECA       3  .31  .04  .65  .00  .00  .0058.LOWER_SENECA       4  .49  .51  .00  .00  .00  .0058.LOWER_SENECA      14  .29  .20  .31  .06  .13  .0058.LOWER_SENECA      24  .29  .20  .31  .06  .13  .0059.DARNESTOWN         2  .23  .14  .25  .37  .00  .0059.DARNESTOWN         3  .25  .75  .00  .00  .00  .0059.DARNESTOWN         4 1.00  .00  .00  .00  .00  .0059.DARNESTOWN        14  .24  .31  .18  .27  .00  .0059.DARNESTOWN        24  .24  .31  .18  .27  .00  .0060.TRAVILAH           2  .06  .58  .36  .00  .00  .0060.TRAVILAH           3  .38  .55  .00  .07  .00  .0060.TRAVILAH           4  .14  .22  .34  .00  .30  .0060.TRAVILAH          14  .21  .46  .21  .03  .09  .0060.TRAVILAH          24  .21  .46  .21  .03  .09  .0061.BENNETT            1  .00  .00  .34  .00  .66  .0061.BENNETT            2  .12  .21  .00  .00  .67  .0061.BENNETT            3  .16  .16  .37  .04  .22  .0661.BENNETT            4  .10  .27  .00  .14  .38  .1261.BENNETT           14  .08  .12  .25  .03  .47  .0461.BENNETT           24  .13  .20  .19  .06  .36  .0642.POOLESVILLE        2  .68  .00  .32  .00  .00  .0042.POOLESVILLE        3  .85  .15  .00  .00  .00  .0042.POOLESVILLE        4  .33  .67  .00  .00  .00  .0042.POOLESVILLE       14  .69  .20  .11  .00  .00  .0042.POOLESVILLE       24  .69  .20  .11  .00  .00  .00