rep.SIMLOS (Simulated Level Of Service percentages)                    rt    A    B    C    D    E    F==============================================================00.Washington_DC      1  .03  .07  .23  .32  .23  .1300.Washington_DC      2  .05  .16  .30  .32  .15  .0300.Washington_DC      3  .09  .19  .30  .25  .13  .0400.Washington_DC      4  .15  .29  .19  .17  .20  .0000.Washington_DC     14  .04  .13  .27  .31  .18  .0600.Washington_DC     24  .05  .17  .30  .31  .15  .0302.Prince_Georges     1  .01  .02  .08  .55  .28  .0602.Prince_Georges     2  .03  .14  .24  .34  .21  .0402.Prince_Georges     3  .03  .15  .23  .30  .15  .1402.Prince_Georges     4  .03  .11  .33  .27  .14  .1102.Prince_Georges    14  .02  .07  .16  .45  .23  .0702.Prince_Georges    24  .03  .14  .25  .32  .18  .0803.Alexandria         1  .01  .04  .18  .57  .16  .0503.Alexandria         2  .11  .20  .28  .19  .12  .0903.Alexandria         3  .12  .24  .34  .16  .07  .0603.Alexandria         4  .10  .17  .18  .07  .25  .2403.Alexandria        14  .07  .15  .26  .33  .12  .0703.Alexandria        24  .12  .22  .30  .17  .10  .0804.Arlington          1  .00  .08  .11  .40  .24  .1604.Arlington          2  .05  .17  .26  .39  .10  .0304.Arlington          3  .09  .23  .31  .27  .09  .0104.Arlington          4  .20  .24  .34  .17  .01  .0404.Arlington         14  .03  .13  .19  .37  .17  .1004.Arlington         24  .07  .19  .28  .34  .10  .0205.Fairfax            1  .01  .03  .16  .35  .19  .2605.Fairfax            2  .01  .09  .21  .26  .27  .1605.Fairfax            3  .02  .07  .23  .27  .24  .1805.Fairfax            4  .02  .08  .18  .25  .24  .2305.Fairfax           14  .01  .05  .19  .30  .22  .2205.Fairfax           24  .02  .08  .21  .26  .25  .1806.Loudoun            1  .03  .97  .00  .00  .00  .0006.Loudoun            2  .02  .14  .16  .50  .10  .0806.Loudoun            3  .00  .08  .16  .41  .17  .1706.Loudoun            4  .05  .09  .25  .46  .11  .0506.Loudoun           14  .02  .16  .17  .42  .12  .1006.Loudoun           24  .02  .10  .19  .45  .13  .1107.Prince_William     1  .14  .16  .19  .39  .00  .1307.Prince_William     2  .23  .22  .38  .08  .00  .0907.Prince_William     3  .04  .06  .18  .14  .25  .3407.Prince_William     4  .02  .14  .12  .22  .18  .3107.Prince_William    14  .09  .13  .18  .26  .11  .2307.Prince_William    24  .05  .12  .17  .18  .19  .3009.Frederick          1  .14  .19  .25  .22  .19  .0109.Frederick          2  .06  .21  .20  .35  .14  .0409.Frederick          3  .16  .27  .24  .19  .13  .0109.Frederick          4  .10  .22  .23  .29  .13  .0309.Frederick         14  .12  .21  .24  .25  .16  .0209.Frederick         24  .10  .23  .22  .29  .14  .0310.Baltimore_City     1  .02  .16  .51  .31  .00  .0010.Baltimore_City     2  .07  .21  .30  .23  .12  .0610.Baltimore_City     3  .08  .22  .28  .29  .07  .0610.Baltimore_City    14  .06  .20  .37  .27  .07  .0410.Baltimore_City    24  .08  .21  .29  .25  .11  .0611.Baltimore_Co       1  .02  .06  .35  .42  .11  .0511.Baltimore_Co       2  .05  .10  .22  .31  .19  .1311.Baltimore_Co       3  .04  .09  .21  .18  .28  .2111.Baltimore_Co      14  .03  .07  .28  .33  .17  .1111.Baltimore_Co      24  .04  .09  .22  .25  .23  .1712.Harford            1  .15  .10  .29  .42  .04  .0012.Harford            2  .05  .03  .17  .22  .45  .0712.Harford            3  .03  .11  .13  .26  .26  .2112.Harford           14  .08  .08  .19  .30  .25  .1012.Harford           24  .04  .07  .15  .24  .36  .1413.Carroll            1  .00  .31  .64  .00  .02  .0313.Carroll            2  .02  .54  .36  .00  .08  .0013.Carroll            3  .01  .27  .24  .30  .14  .0313.Carroll           14  .01  .30  .31  .23  .11  .0313.Carroll           24  .01  .30  .26  .27  .13  .0314.Howard             1  .00  .06  .19  .35  .38  .0314.Howard             2  .01  .02  .13  .37  .23  .2414.Howard             3  .01  .06  .27  .28  .20  .1814.Howard            14  .01  .05  .19  .34  .30  .1114.Howard            24  .01  .04  .20  .32  .21  .2115.Anne_Arundel       1  .02  .06  .22  .32  .33  .0515.Anne_Arundel       2  .02  .10  .23  .20  .23  .2215.Anne_Arundel       3  .05  .08  .22  .19  .22  .2415.Anne_Arundel      14  .03  .07  .23  .27  .28  .1315.Anne_Arundel      24  .03  .09  .23  .20  .22  .2320.BETHESDA_CHEVY_CH  1  .00  .03  .17  .25  .27  .2820.BETHESDA_CHEVY_CH  2  .01  .22  .39  .19  .15  .0420.BETHESDA_CHEVY_CH  3  .06  .25  .25  .25  .08  .1120.BETHESDA_CHEVY_CH  4  .13  .19  .29  .20  .05  .1420.BETHESDA_CHEVY_CH 14  .02  .12  .25  .23  .20  .1820.BETHESDA_CHEVY_CH 24  .04  .22  .34  .20  .12  .0721.SILVER_SPRING      1  .00  .00  .14  .15  .72  .0021.SILVER_SPRING      2  .02  .20  .21  .19  .06  .3221.SILVER_SPRING      3  .14  .26  .18  .05  .08  .2921.SILVER_SPRING      4  .08  .23  .25  .18  .06  .2021.SILVER_SPRING     14  .03  .15  .19  .16  .26  .2121.SILVER_SPRING     24  .05  .21  .21  .16  .06  .3022.POTOMAC            1  .01  .01  .03  .61  .08  .2522.POTOMAC            2  .06  .27  .37  .10  .15  .0422.POTOMAC            3  .19  .34  .27  .07  .08  .0422.POTOMAC            4  .18  .42  .11  .22  .07  .0022.POTOMAC           14  .08  .17  .15  .37  .09  .1422.POTOMAC           24  .14  .34  .27  .12  .10  .0323.N_BETHESDA         1  .00  .07  .08  .13  .09  .6323.N_BETHESDA         2  .00  .22  .47  .19  .09  .0423.N_BETHESDA         3  .11  .29  .32  .13  .14  .0323.N_BETHESDA         4  .25  .25  .30  .21  .00  .0023.N_BETHESDA        14  .06  .21  .32  .16  .09  .1623.N_BETHESDA        24  .07  .25  .39  .17  .09  .0324.ROCKVILLE          1  .01  .00  .18  .42  .35  .0424.ROCKVILLE          2  .04  .26  .39  .17  .07  .0724.ROCKVILLE          3  .10  .68  .22  .00  .00  .0024.ROCKVILLE          4  .12  .39  .35  .14  .00  .0024.ROCKVILLE         14  .03  .18  .27  .28  .20  .0424.ROCKVILLE         24  .06  .35  .36  .14  .05  .0525.KENSINGTON_WHEATO  1  .00  .00  .12  .32  .56  .0025.KENSINGTON_WHEATO  2  .03  .29  .25  .23  .13  .0725.KENSINGTON_WHEATO  3  .13  .50  .31  .07  .00  .0025.KENSINGTON_WHEATO  4  .19  .38  .11  .07  .09  .1625.KENSINGTON_WHEATO 14  .05  .26  .22  .22  .20  .0525.KENSINGTON_WHEATO 24  .06  .32  .25  .20  .11  .0726.ASPEN_HILL         2  .06  .24  .32  .14  .20  .0526.ASPEN_HILL         3  .03  .24  .37  .32  .02  .0226.ASPEN_HILL         4  .30  .37  .33  .00  .00  .0026.ASPEN_HILL        14  .08  .25  .33  .17  .13  .0426.ASPEN_HILL        24  .08  .25  .33  .17  .13  .0427.FAIRLAND_WHITE_OA  1  .00  .00  .01  .41  .58  .0027.FAIRLAND_WHITE_OA  2  .01  .26  .38  .26  .08  .0127.FAIRLAND_WHITE_OA  3  .06  .39  .27  .13  .13  .0227.FAIRLAND_WHITE_OA  4  .21  .36  .21  .18  .05  .0027.FAIRLAND_WHITE_OA 14  .02  .19  .22  .29  .27  .0127.FAIRLAND_WHITE_OA 24  .03  .30  .34  .22  .09  .0228.CLOVERLY           2  .02  .20  .28  .29  .10  .1128.CLOVERLY           3  .06  .39  .49  .00  .06  .0028.CLOVERLY           4  .22  .15  .64  .00  .00  .0028.CLOVERLY          14  .06  .28  .41  .13  .07  .0528.CLOVERLY          24  .06  .28  .41  .13  .07  .0529.OLNEY              2  .04  .22  .32  .23  .19  .0029.OLNEY              3  .23  .35  .35  .00  .07  .0029.OLNEY              4  .27  .73  .00  .00  .00  .0029.OLNEY             14  .11  .31  .29  .15  .14  .0029.OLNEY             24  .11  .31  .29  .15  .14  .0030.GAITHERSBURG       1  .04  .10  .21  .20  .45  .0030.GAITHERSBURG       2  .08  .24  .30  .22  .14  .0230.GAITHERSBURG       3  .31  .38  .03  .02  .07  .1930.GAITHERSBURG       4  .25  .58  .00  .17  .00  .0030.GAITHERSBURG      14  .08  .19  .23  .19  .28  .0230.GAITHERSBURG      24  .12  .27  .25  .19  .13  .0431.DERWOOD_NEEDWOOD   1  .02  .30  .41  .12  .15  .0031.DERWOOD_NEEDWOOD   2  .07  .32  .31  .14  .03  .1231.DERWOOD_NEEDWOOD   3  .27  .46  .27  .00  .00  .0031.DERWOOD_NEEDWOOD   4  .06  .27  .18  .40  .09  .0031.DERWOOD_NEEDWOOD  14  .09  .33  .31  .16  .06  .0631.DERWOOD_NEEDWOOD  24  .11  .34  .28  .17  .04  .0832.MONTGOMERY_VILLAG  2  .10  .28  .21  .08  .12  .2132.MONTGOMERY_VILLAG  3  .27  .30  .10  .18  .04  .1132.MONTGOMERY_VILLAG  4  .33  .30  .09  .27  .00  .0032.MONTGOMERY_VILLAG 14  .18  .29  .16  .13  .08  .1632.MONTGOMERY_VILLAG 24  .18  .29  .16  .13  .08  .1633.NORTH_POTOMAC      2  .01  .16  .03  .45  .27  .0833.NORTH_POTOMAC      3  .32  .68  .00  .00  .00  .0033.NORTH_POTOMAC      4  .44  .00  .22  .34  .00  .0033.NORTH_POTOMAC     14  .10  .23  .05  .36  .20  .0633.NORTH_POTOMAC     24  .10  .23  .05  .36  .20  .0634.R_&_D_VILLAGE      1  .00  .00  .37  .49  .13  .0034.R_&_D_VILLAGE      2  .37  .34  .19  .06  .00  .0434.R_&_D_VILLAGE      3  .21  .29  .37  .13  .00  .0034.R_&_D_VILLAGE      4  .29  .24  .47  .00  .00  .0034.R_&_D_VILLAGE     14  .19  .20  .31  .24  .05  .0134.R_&_D_VILLAGE     24  .30  .31  .27  .09  .00  .0235.GERMANTOWN_WEST    1  .00  .19  .06  .21  .12  .4235.GERMANTOWN_WEST    2  .18  .30  .32  .15  .04  .0235.GERMANTOWN_WEST    3  .62  .28  .04  .06  .00  .0035.GERMANTOWN_WEST    4  .64  .26  .00  .10  .00  .0035.GERMANTOWN_WEST   14  .19  .26  .20  .15  .05  .1335.GERMANTOWN_WEST   24  .27  .29  .26  .13  .03  .0236.GERMANTOWN_EAST    1  .01  .10  .18  .08  .35  .2836.GERMANTOWN_EAST    2  .03  .27  .22  .29  .03  .1636.GERMANTOWN_EAST    3  .09  .15  .20  .09  .31  .1636.GERMANTOWN_EAST    4  .32  .34  .28  .06  .00  .0036.GERMANTOWN_EAST   14  .04  .17  .20  .14  .23  .2236.GERMANTOWN_EAST   24  .08  .26  .23  .22  .08  .1437.DAMASCUS           2  .05  .00  .23  .26  .30  .1637.DAMASCUS           3  .07  .11  .11  .40  .14  .1737.DAMASCUS           4  .26  .28  .00  .46  .00  .0037.DAMASCUS          14  .08  .09  .14  .36  .18  .1537.DAMASCUS          24  .08  .09  .14  .36  .18  .1538.PATUXENT_EAST      2  .02  .27  .38  .22  .11  .0038.PATUXENT_EAST      3  .03  .45  .52  .00  .00  .0038.PATUXENT_EAST      4  .36  .64  .00  .00  .00  .0038.PATUXENT_EAST     14  .03  .34  .42  .14  .07  .0038.PATUXENT_EAST     24  .03  .34  .42  .14  .07  .0055.PATUXENT_MID       2  .10  .13  .47  .29  .00  .0055.PATUXENT_MID       3  .22  .36  .33  .04  .05  .0055.PATUXENT_MID       4  .01  .33  .41  .25  .00  .0055.PATUXENT_MID      14  .11  .30  .39  .18  .02  .0055.PATUXENT_MID      24  .11  .30  .39  .18  .02  .0056.PATUXENT_WEST      2  .15  .00  .00  .00  .85  .0056.PATUXENT_WEST      3  .00  .06  .00  .41  .00  .5356.PATUXENT_WEST      4  .10  .16  .00  .74  .00  .0056.PATUXENT_WEST     14  .09  .07  .00  .38  .31  .1456.PATUXENT_WEST     24  .09  .07  .00  .38  .31  .1439.UPPER_ROCK_CREEK   2  .23  .42  .35  .00  .00  .0039.UPPER_ROCK_CREEK   3  .12  .43  .07  .21  .17  .0039.UPPER_ROCK_CREEK   4  .07  .23  .44  .26  .00  .0039.UPPER_ROCK_CREEK  14  .13  .36  .27  .17  .07  .0039.UPPER_ROCK_CREEK  24  .13  .36  .27  .17  .07  .0040.CLARKSBURG         1  .01  .05  .24  .00  .51  .1940.CLARKSBURG         2  .00  .28  .37  .00  .00  .3540.CLARKSBURG         3  .10  .24  .36  .00  .00  .3040.CLARKSBURG         4 1.00  .00  .00  .00  .00  .0040.CLARKSBURG        14  .04  .15  .30  .00  .27  .2540.CLARKSBURG        24  .07  .26  .36  .00  .00  .3241.GOSHEN             2  .16  .03  .41  .00  .15  .2541.GOSHEN             3  .15  .32  .09  .07  .37  .0041.GOSHEN             4  .19  .08  .54  .19  .00  .0041.GOSHEN            14  .16  .20  .26  .06  .25  .0841.GOSHEN            24  .16  .20  .26  .06  .25  .0854.DICKERSON          2  .14  .00  .62  .24  .00  .0054.DICKERSON          3  .29  .25  .07  .14  .00  .2454.DICKERSON          4 1.00  .00  .00  .00  .00  .0054.DICKERSON         14  .31  .16  .23  .16  .00  .1554.DICKERSON         24  .31  .16  .23  .16  .00  .1558.LOWER_SENECA       2  .23  .17  .00  .41  .19  .0058.LOWER_SENECA       3  .32  .04  .64  .00  .00  .0058.LOWER_SENECA       4  .50  .50  .00  .00  .00  .0058.LOWER_SENECA      14  .29  .21  .08  .29  .13  .0058.LOWER_SENECA      24  .29  .21  .08  .29  .13  .0059.DARNESTOWN         2  .18  .10  .21  .37  .14  .0059.DARNESTOWN         3  .23  .47  .30  .00  .00  .0059.DARNESTOWN         4 1.00  .00  .00  .00  .00  .0059.DARNESTOWN        14  .20  .21  .23  .26  .10  .0059.DARNESTOWN        24  .20  .21  .23  .26  .10  .0060.TRAVILAH           2  .06  .14  .67  .13  .00  .0060.TRAVILAH           3  .39  .54  .00  .07  .00  .0060.TRAVILAH           4  .30  .15  .26  .29  .00  .0060.TRAVILAH          14  .27  .30  .28  .16  .00  .0060.TRAVILAH          24  .27  .30  .28  .16  .00  .0061.BENNETT            1  .00  .00  .34  .00  .66  .0061.BENNETT            2  .12  .20  .00  .00  .68  .0061.BENNETT            3  .15  .17  .33  .07  .00  .2861.BENNETT            4  .09  .30  .13  .00  .48  .0061.BENNETT           14  .08  .13  .26  .02  .42  .0961.BENNETT           24  .12  .21  .21  .04  .27  .1542.POOLESVILLE        2  .68  .00  .32  .00  .00  .0042.POOLESVILLE        3  .81  .19  .00  .00  .00  .0042.POOLESVILLE        4  .28  .72  .00  .00  .00  .0042.POOLESVILLE       14  .67  .23  .11  .00  .00  .0042.POOLESVILLE       24  .67  .23  .11  .00  .00  .00