rep.SIMLOS (Simulated Level Of Service percentages)                    rt    A    B    C    D    E    F==============================================================00.Washington_DC      1  .02  .08  .30  .30  .23  .0600.Washington_DC      2  .06  .18  .34  .26  .14  .0200.Washington_DC      3  .09  .22  .32  .21  .14  .0400.Washington_DC      4  .01  .01  .09  .74  .14  .0000.Washington_DC     14  .05  .14  .32  .29  .17  .0400.Washington_DC     24  .06  .18  .32  .28  .14  .0202.Prince_Georges     1  .01  .03  .09  .54  .28  .0502.Prince_Georges     2  .04  .18  .32  .29  .13  .0402.Prince_Georges     3  .04  .16  .26  .30  .15  .0902.Prince_Georges     4  .03  .11  .23  .40  .15  .0702.Prince_Georges    14  .02  .09  .18  .44  .22  .0502.Prince_Georges    24  .04  .16  .29  .32  .14  .0603.Alexandria         1  .00  .04  .19  .63  .12  .0203.Alexandria         2  .16  .18  .33  .23  .08  .0203.Alexandria         3  .13  .28  .32  .12  .13  .0103.Alexandria         4  .08  .08  .21  .34  .28  .0203.Alexandria        14  .09  .15  .27  .37  .11  .0203.Alexandria        24  .14  .23  .32  .18  .11  .0204.Arlington          1  .01  .09  .14  .42  .29  .0504.Arlington          2  .06  .24  .31  .21  .12  .0604.Arlington          3  .11  .26  .32  .21  .10  .0104.Arlington          4  .17  .04  .54  .21  .00  .0404.Arlington         14  .04  .15  .21  .34  .22  .0504.Arlington         24  .09  .24  .32  .21  .11  .0305.Fairfax            1  .01  .05  .18  .37  .24  .1505.Fairfax            2  .03  .15  .24  .29  .21  .0905.Fairfax            3  .05  .15  .24  .25  .19  .1305.Fairfax            4  .05  .13  .18  .31  .18  .1605.Fairfax           14  .02  .11  .21  .31  .21  .1305.Fairfax           24  .04  .15  .23  .27  .20  .1106.Loudoun            1  .03  .77  .12  .08  .00  .0006.Loudoun            2  .03  .31  .19  .39  .05  .0306.Loudoun            3  .03  .15  .00  .21  .30  .3106.Loudoun            4  .08  .04  .36  .23  .21  .0806.Loudoun           14  .03  .28  .18  .33  .11  .0806.Loudoun           24  .03  .24  .19  .34  .11  .0807.Prince_William     1  .14  .22  .11  .30  .10  .1307.Prince_William     2  .12  .22  .24  .09  .17  .1607.Prince_William     3  .02  .11  .26  .03  .50  .0807.Prince_William     4  .05  .06  .10  .47  .22  .1007.Prince_William    14  .10  .17  .18  .21  .22  .1307.Prince_William    24  .07  .15  .21  .17  .28  .1209.Frederick          1  .15  .22  .22  .21  .15  .0709.Frederick          2  .07  .25  .21  .20  .24  .0409.Frederick          3  .15  .31  .21  .19  .08  .0609.Frederick          4  .09  .27  .12  .30  .13  .1009.Frederick         14  .12  .24  .21  .21  .15  .0609.Frederick         24  .10  .27  .19  .21  .16  .0610.Baltimore_City     1  .02  .18  .50  .29  .00  .0010.Baltimore_City     2  .10  .25  .31  .21  .07  .0510.Baltimore_City     3  .10  .27  .29  .21  .10  .0310.Baltimore_City    14  .07  .23  .38  .24  .05  .0310.Baltimore_City    24  .10  .26  .31  .21  .08  .0411.Baltimore_Co       1  .03  .05  .39  .41  .08  .0411.Baltimore_Co       2  .06  .12  .23  .29  .25  .0511.Baltimore_Co       3  .04  .10  .20  .21  .28  .1711.Baltimore_Co      14  .04  .08  .30  .33  .17  .0711.Baltimore_Co      24  .05  .11  .22  .25  .27  .1012.Harford            1  .15  .11  .47  .25  .02  .0012.Harford            2  .05  .04  .19  .21  .50  .0112.Harford            3  .04  .16  .08  .31  .19  .2112.Harford           14  .08  .10  .25  .26  .23  .0812.Harford           24  .04  .10  .13  .26  .34  .1213.Carroll            1  .00  .31  .65  .01  .00  .0213.Carroll            2  .02  .46  .44  .00  .08  .0013.Carroll            3  .03  .21  .27  .31  .15  .0313.Carroll           14  .02  .25  .34  .24  .12  .0313.Carroll           24  .03  .24  .29  .28  .14  .0314.Howard             1  .00  .06  .20  .28  .43  .0214.Howard             2  .01  .02  .10  .34  .32  .2014.Howard             3  .02  .05  .22  .37  .21  .1314.Howard            14  .01  .05  .18  .32  .35  .0914.Howard            24  .02  .04  .17  .35  .26  .1615.Anne_Arundel       1  .02  .05  .22  .28  .39  .0515.Anne_Arundel       2  .03  .09  .26  .20  .20  .2215.Anne_Arundel       3  .05  .10  .23  .18  .18  .2615.Anne_Arundel      14  .03  .07  .23  .24  .30  .1315.Anne_Arundel      24  .04  .10  .25  .19  .19  .2420.BETHESDA_CHEVY_CH  1  .00  .05  .15  .17  .29  .3420.BETHESDA_CHEVY_CH  2  .02  .21  .40  .22  .11  .0420.BETHESDA_CHEVY_CH  3  .08  .24  .29  .22  .05  .1220.BETHESDA_CHEVY_CH  4  .12  .27  .19  .23  .06  .1320.BETHESDA_CHEVY_CH 14  .02  .13  .24  .20  .20  .2220.BETHESDA_CHEVY_CH 24  .05  .22  .35  .22  .09  .0721.SILVER_SPRING      1  .00  .00  .00  .27  .73  .0021.SILVER_SPRING      2  .02  .20  .23  .15  .08  .3221.SILVER_SPRING      3  .13  .34  .15  .02  .07  .2821.SILVER_SPRING      4  .10  .18  .26  .24  .09  .1321.SILVER_SPRING     14  .03  .15  .15  .18  .28  .2021.SILVER_SPRING     24  .05  .22  .22  .14  .08  .2922.POTOMAC            1  .02  .01  .04  .04  .86  .0422.POTOMAC            2  .02  .26  .42  .08  .04  .1722.POTOMAC            3  .15  .34  .29  .12  .05  .0522.POTOMAC            4  .13  .26  .36  .25  .00  .0022.POTOMAC           14  .06  .15  .19  .09  .45  .0622.POTOMAC           24  .10  .29  .36  .14  .03  .0823.N_BETHESDA         1  .00  .06  .06  .40  .39  .0923.N_BETHESDA         2  .01  .35  .35  .20  .05  .0423.N_BETHESDA         3  .06  .32  .39  .09  .13  .0023.N_BETHESDA         4  .22  .28  .38  .12  .00  .0023.N_BETHESDA        14  .04  .26  .29  .21  .15  .0423.N_BETHESDA        24  .06  .33  .37  .15  .07  .0224.ROCKVILLE          1  .00  .00  .18  .30  .48  .0424.ROCKVILLE          2  .06  .26  .39  .17  .05  .0724.ROCKVILLE          3  .10  .52  .38  .00  .00  .0024.ROCKVILLE          4  .15  .36  .45  .04  .00  .0024.ROCKVILLE         14  .04  .16  .29  .22  .26  .0424.ROCKVILLE         24  .08  .31  .40  .13  .03  .0525.KENSINGTON_WHEATO  1  .00  .00  .00  .41  .59  .0025.KENSINGTON_WHEATO  2  .03  .29  .29  .22  .15  .0225.KENSINGTON_WHEATO  3  .17  .50  .26  .07  .00  .0025.KENSINGTON_WHEATO  4  .22  .38  .15  .09  .00  .1625.KENSINGTON_WHEATO 14  .05  .26  .22  .24  .22  .0225.KENSINGTON_WHEATO 24  .06  .32  .27  .19  .12  .0326.ASPEN_HILL         2  .06  .21  .13  .22  .15  .2326.ASPEN_HILL         3  .04  .24  .29  .30  .13  .0026.ASPEN_HILL         4  .30  .45  .25  .00  .00  .0026.ASPEN_HILL        14  .08  .24  .18  .22  .13  .1526.ASPEN_HILL        24  .08  .24  .18  .22  .13  .1527.FAIRLAND_WHITE_OA  1  .00  .00  .00  .43  .57  .0027.FAIRLAND_WHITE_OA  2  .00  .27  .47  .23  .01  .0127.FAIRLAND_WHITE_OA  3  .11  .38  .20  .13  .15  .0227.FAIRLAND_WHITE_OA  4  .18  .34  .28  .17  .04  .0027.FAIRLAND_WHITE_OA 14  .03  .19  .25  .28  .24  .0127.FAIRLAND_WHITE_OA 24  .04  .31  .39  .20  .05  .0128.CLOVERLY           2  .07  .60  .30  .02  .00  .0028.CLOVERLY           3  .04  .29  .49  .07  .10  .0028.CLOVERLY           4  .26  .08  .66  .00  .00  .0028.CLOVERLY          14  .08  .41  .42  .04  .05  .0028.CLOVERLY          24  .08  .41  .42  .04  .05  .0029.OLNEY              2  .04  .34  .36  .26  .00  .0029.OLNEY              3  .31  .25  .37  .03  .05  .0029.OLNEY              4  .18  .82  .00  .00  .00  .0029.OLNEY             14  .12  .39  .31  .17  .01  .0029.OLNEY             24  .12  .39  .31  .17  .01  .0030.GAITHERSBURG       1  .03  .09  .19  .24  .45  .0030.GAITHERSBURG       2  .08  .27  .26  .25  .13  .0130.GAITHERSBURG       3  .34  .46  .12  .00  .08  .0030.GAITHERSBURG       4  .36  .49  .14  .00  .00  .0030.GAITHERSBURG      14  .07  .19  .22  .23  .29  .0030.GAITHERSBURG      24  .12  .30  .24  .21  .12  .0131.DERWOOD_NEEDWOOD   1  .01  .31  .39  .13  .16  .0031.DERWOOD_NEEDWOOD   2  .08  .32  .34  .13  .10  .0331.DERWOOD_NEEDWOOD   3  .32  .47  .21  .00  .00  .0031.DERWOOD_NEEDWOOD   4  .05  .32  .34  .22  .08  .0031.DERWOOD_NEEDWOOD  14  .09  .34  .33  .13  .10  .0131.DERWOOD_NEEDWOOD  24  .12  .35  .31  .12  .08  .0232.MONTGOMERY_VILLAG  2  .11  .36  .30  .17  .07  .0032.MONTGOMERY_VILLAG  3  .42  .48  .05  .06  .00  .0032.MONTGOMERY_VILLAG  4  .41  .21  .10  .28  .00  .0032.MONTGOMERY_VILLAG 14  .23  .39  .20  .14  .04  .0032.MONTGOMERY_VILLAG 24  .23  .39  .20  .14  .04  .0033.NORTH_POTOMAC      1  .00  .00  .00 1.00  .00  .0033.NORTH_POTOMAC      2  .02  .18  .53  .02  .22  .0433.NORTH_POTOMAC      3  .23  .52  .18  .07  .00  .0033.NORTH_POTOMAC      4  .19  .35  .47  .00  .00  .0033.NORTH_POTOMAC     14  .10  .29  .40  .07  .13  .0233.NORTH_POTOMAC     24  .10  .30  .41  .03  .13  .0234.R_&_D_VILLAGE      1  .00  .00  .38  .48  .14  .0034.R_&_D_VILLAGE      2  .35  .38  .18  .00  .09  .0034.R_&_D_VILLAGE      3  .21  .21  .58  .00  .00  .0034.R_&_D_VILLAGE      4  .62  .38  .00  .00  .00  .0034.R_&_D_VILLAGE     14  .20  .21  .35  .16  .08  .0034.R_&_D_VILLAGE     24  .30  .32  .33  .00  .05  .0035.GERMANTOWN_WEST    1  .00  .20  .06  .45  .18  .1235.GERMANTOWN_WEST    2  .13  .32  .25  .15  .06  .0935.GERMANTOWN_WEST    3  .44  .30  .03  .22  .00  .0035.GERMANTOWN_WEST    4  .53  .47  .00  .00  .00  .0035.GERMANTOWN_WEST   14  .14  .29  .17  .23  .08  .0935.GERMANTOWN_WEST   24  .19  .33  .21  .16  .05  .0836.GERMANTOWN_EAST    1  .01  .11  .17  .20  .47  .0436.GERMANTOWN_EAST    2  .13  .40  .24  .16  .00  .0736.GERMANTOWN_EAST    3  .14  .32  .54  .00  .00  .0036.GERMANTOWN_EAST    4  .09  .30  .60  .00  .00  .0036.GERMANTOWN_EAST   14  .06  .23  .23  .17  .26  .0536.GERMANTOWN_EAST   24  .13  .38  .32  .13  .00  .0537.DAMASCUS           2  .05  .00  .15  .09  .56  .1537.DAMASCUS           3  .03  .14  .06  .33  .18  .2637.DAMASCUS           4  .36  .18  .00  .00  .46  .0037.DAMASCUS          14  .06  .10  .08  .23  .32  .2037.DAMASCUS          24  .06  .10  .08  .23  .32  .2038.PATUXENT_EAST      2  .01  .12  .59  .19  .10  .0038.PATUXENT_EAST      3  .03  .40  .55  .02  .00  .0038.PATUXENT_EAST      4  .62  .38  .00  .00  .00  .0038.PATUXENT_EAST     14  .03  .22  .57  .12  .06  .0038.PATUXENT_EAST     24  .03  .22  .57  .12  .06  .0055.PATUXENT_MID       2  .10  .14  .46  .30  .00  .0055.PATUXENT_MID       3  .14  .49  .28  .04  .00  .0555.PATUXENT_MID       4  .01  .06  .61  .28  .04  .0055.PATUXENT_MID      14  .08  .24  .46  .20  .02  .0255.PATUXENT_MID      24  .08  .24  .46  .20  .02  .0256.PATUXENT_WEST      2  .16  .00  .00  .00  .44  .4056.PATUXENT_WEST      3  .00  .00  .06  .09  .33  .5156.PATUXENT_WEST      4  .05  .29  .00  .00  .66  .0056.PATUXENT_WEST     14  .07  .12  .02  .02  .50  .2756.PATUXENT_WEST     24  .07  .12  .02  .02  .50  .2739.UPPER_ROCK_CREEK   2  .15  .51  .35  .00  .00  .0039.UPPER_ROCK_CREEK   3  .11  .44  .07  .38  .00  .0039.UPPER_ROCK_CREEK   4  .07  .23  .56  .02  .11  .0039.UPPER_ROCK_CREEK  14  .11  .39  .31  .16  .04  .0039.UPPER_ROCK_CREEK  24  .11  .39  .31  .16  .04  .0040.CLARKSBURG         1  .01  .05  .00  .29  .21  .4440.CLARKSBURG         2  .02  .28  .05  .24  .00  .4140.CLARKSBURG         3  .09  .17  .43  .00  .00  .3240.CLARKSBURG         4 1.00  .00  .00  .00  .00  .0040.CLARKSBURG        14  .04  .12  .12  .20  .12  .4040.CLARKSBURG        24  .07  .21  .29  .09  .00  .3541.GOSHEN             2  .15  .03  .30  .15  .00  .3741.GOSHEN             3  .09  .26  .42  .17  .06  .0041.GOSHEN             4  .11  .15  .29  .44  .00  .0041.GOSHEN            14  .11  .17  .36  .20  .03  .1241.GOSHEN            24  .11  .17  .36  .20  .03  .1254.DICKERSON          2  .16  .00  .58  .26  .00  .0054.DICKERSON          3  .27  .08  .42  .00  .00  .2254.DICKERSON          4 1.00  .00  .00  .00  .00  .0054.DICKERSON         14  .32  .05  .42  .07  .00  .1454.DICKERSON         24  .32  .05  .42  .07  .00  .1458.LOWER_SENECA       2  .18  .14  .00  .68  .00  .0058.LOWER_SENECA       3  .19  .19  .63  .00  .00  .0058.LOWER_SENECA       4  .77  .23  .00  .00  .00  .0058.LOWER_SENECA      14  .26  .16  .12  .46  .00  .0058.LOWER_SENECA      24  .26  .16  .12  .46  .00  .0059.DARNESTOWN         2  .23  .14  .17  .32  .14  .0059.DARNESTOWN         3  .20  .23  .18  .39  .00  .0059.DARNESTOWN         4 1.00  .00  .00  .00  .00  .0059.DARNESTOWN        14  .22  .17  .17  .34  .09  .0059.DARNESTOWN        24  .22  .17  .17  .34  .09  .0060.TRAVILAH           2  .20  .04  .33  .43  .00  .0060.TRAVILAH           3  .20  .56  .18  .06  .00  .0060.TRAVILAH           4  .13  .31  .30  .11  .15  .0060.TRAVILAH          14  .18  .34  .26  .17  .05  .0060.TRAVILAH          24  .18  .34  .26  .17  .05  .0061.BENNETT            1  .00  .00  .10  .25  .00  .6561.BENNETT            2  .12  .25  .00  .00  .63  .0061.BENNETT            3  .10  .12  .25  .15  .08  .2961.BENNETT            4  .08  .08  .39  .00  .32  .1261.BENNETT           14  .06  .08  .19  .14  .16  .3661.BENNETT           24  .10  .14  .24  .07  .26  .1942.POOLESVILLE        2  .67  .00  .33  .00  .00  .0042.POOLESVILLE        3  .81  .19  .00  .00  .00  .0042.POOLESVILLE        4  .27  .73  .00  .00  .00  .0042.POOLESVILLE       14  .67  .22  .11  .00  .00  .0042.POOLESVILLE       24  .67  .22  .11  .00  .00  .00